_ 0 0.176 4d8 4d8 4d8
_ 1 0.288 4d8 4d8 4d8
_ 2 0.512 4d8 4d8 4d9
_ 3 0.752 4d8 4d8 4d9
_ 4 0.864 4d8 4d8 4d8
_ 5 1.088 4d8 4d8 4d8
_ 6 1.216 4d8 4d8 4d9
_ 7 1.329 4d8 4d4 4d8
_ 8 1.441 4d8 4d8 4d8
_ 9 1.552 4d8 4d4 4d8
_ 10 1.664 4d8 4d8 4d8
_ 11 1.792 4d8 4d8 4d8
_ 12 1.904 4d8 4d8 4d8
_ 13 2.352 4d8 4d8 4d8
_ 14 2.928 4d8 4d8 4d8
_ 15 3.056 4d8 4d8 4d8
_ 16 3.280 4d8 4d8 4d8
_ 17 3.392 4d8 4d8 4d8
_ 18 3.504 4d8 4d8 4d8
_ 19 3.616 4d8 4d8 4d8
_ 20 3.744 4d8 4d8 4d9
_ 21 3.856 4d8 4d8 4d8
_ 22 3.968 4d8 4d8 4d8
_ 23 4.079 4d8 4d7 4d8
_ 24 4.192 4d8 4d8 4d9
_ 25 4.544 4d8 4d8 4d8
_ 26 4.656 4d8 4d8 4d8
_ 27 4.768 4d8 4d7 4d8
_ 28 5.120 4d8 4d8 4d8
_ 29 5.232 4d8 4d8 4d8
_ 30 5.808 4d8 4d8 4d8
_ 31 5.920 4d8 4d8 4d8
_ 32 6.272 4d8 4d8 4d8
_ 33 6.384 4d8 4d8 4d8
_ 34 6.496 4d8 4d8 4d8
_ 35 6.736 4d8 4d8 4d8
_ 36 7.184 4d8 4d8 4d8
_ 37 7.296 4d8 4d8 4d8
_ 38 7.424 4d8 4d8 4d8
_ 39 7.536 4d8 4d8 4d8
_ 40 7.648 4d8 4d8 4d8
_ 41 7.872 4d8 4d8 4d8
_ 42 8.000 4d8 4d8 4d8
_ 43 8.448 4d8 4d8 4d8
_ 44 8.560 4d8 4d8 4d8
_ 45 9.024 4d8 4d8 4d8
_ 46 9.376 4d8 4d8 4d8
_ 47 9.600 4d8 4d8 4d8
_ 48 9.712 4d8 4d8 4d8
_ 49 9.952 4d8 4d8 4d8
_ 50 10.064 4d8 4d8 4d8
_ 51 10.176 4d8 4d8 4d8
_ 52 10.288 4d8 4d8 4d8
_ 53 10.528 4d8 4d8 4d8
_ 54 10.640 4d8 4d8 4d8
_ 55 10.864 4d8 4d8 4d8
_ 56 10.976 4d8 4d8 4d8
_ 57 11.104 4d8 4d8 4d8
_ 58 11.216 4d8 4d8 4d8
_ 59 11.552 4d8 4d8 4d9
_ 60 11.903 4d8 4d4 4d8
_ 61 12.016 4d8 4d8 4d8
_ 62 12.240 4d8 4d8 4d8
_ 63 12.368 4d8 4d7 4d8
_ 64 12.480 4d8 4d8 4d9
_ 65 13.168 4d8 4d8 4d8
_ 66 13.392 4d8 4d8 4d9
_ 67 13.504 4d8 4d8 4d8
_ 68 13.632 4d8 4d8 4d8
_ 69 13.744 4d8 4d8 4d8
_ 70 13.856 4d8 4d8 4d8
_ 71 13.968 4d8 4d8 4d8
_ 72 14.079 4d8 4d8 4d8
_ 73 14.208 4d8 4d8 4d8
_ 74 14.543 4d8 4d8 4d8
_ 75 14.655 4d8 4d8 4d8
_ 76 14.767 4d8 4d8 4d8
_ 77 14.895 4d8 4d7 4d8
_ 78 15.008 4d8 4d8 4d8
_ 79 15.119 4d8 4d8 4d8
_ 80 15.231 4d8 4d8 4d9
_ 81 15.583 4d8 4d7 4d8
_ 82 15.695 4d8 4d8 4d8
_ 83 15.808 4d8 4d8 4d8
_ 84 16.159 4d8 4d8 4d8
_ 85 16.271 4d8 4d8 4d8
_ 86 16.384 4d8 4d8 4d8
_ 87 16.495 4d8 4d8 4d8
_ 88 16.608 4d8 4d8 4d8
_ 89 16.735 4d8 4d7 4d8
_ 90 17.072 4d8 4d8 4d8
_ 91 17.183 4d8 4d8 4d8
_ 92 17.535 4d8 4d8 4d9
_ 93 17.759 4d8 4d8 4d9
_ 94 17.999 4d8 4d8 4d8
_ 95 18.112 4d8 4d4 4d8
_ 96 18.336 4d8 4d8 4d8
_ 97 18.575 4d8 4d8 4d8
_ 98 18.688 4d8 4d8 4d8
_ 99 18.799 4d8 4d8 4d8
_ 100 19.263 4d8 4d8 4d8
_ 101 19.376 4d8 4d8 4d8
_ 102 19.488 4d8 4d8 4d8
_ 103 19.711 4d8 4d7 4d8
_ 104 19.839 4d8 4d8 4d9
_ 105 19.951 4d8 4d8 4d8
_ 106 20.064 4d8 4d8 4d8
_ 107 20.175 4d8 4d4 4d8
_ 108 20.288 4d8 4d8 4d8
_ 109 20.528 4d8 4d8 4d8
_ 110 20.751 4d8 4d8 4d8
_ 111 21.103 4d8 4d8 4d8
_ 112 21.215 4d8 4d8 4d8
_ 113 21.551 4d8 4d8 4d8
_ 114 21.680 4d8 4d8 4d8
_ 115 21.791 4d8 4d8 4d8
_ 116 21.903 4d8 4d8 4d8
_ 117 22.016 4d8 4d8 4d8
_ 118 22.128 4d8 4d8 4d8
_ 119 22.368 4d8 4d8 4d8
_ 120 22.479 4d8 4d8 4d8
_ 121 22.703 4d8 4d8 4d8
_ 122 23.168 4d8 4d8 4d8
_ 123 23.392 4d8 4d8 4d8
_ 124 23.519 4d8 4d8 4d8
_ 125 23.631 4d8 4d8 4d8
_ 126 23.744 4d8 4d8 4d8
_ 127 23.855 4d8 4d4 4d8
_ 128 23.968 4d8 4d8 4d8
_ 129 24.095 4d8 4d7 4d8
_ 130 24.208 4d8 4d8 4d8
_ 131 24.543 4d8 4d8 4d8
_ 132 24.783 4d8 4d8 4d8
_ 133 24.895 4d8 4d8 4d8
_ 134 25.008 4d8 4d7 4d8
_ 135 25.231 4d8 4d7 4d8
_ 136 25.359 4d8 4d8 4d8
_ 137 25.583 4d8 4d8 4d8
_ 138 26.047 4d8 4d8 4d8
_ 139 26.159 4d8 4d8 4d8
_ 140 26.383 4d8 4d8 4d8
_ 141 26.495 4d8 4d8 4d8
_ 142 26.623 4d8 4d8 4d8
_ 143 26.735 4d8 4d8 4d8
_ 144 26.847 4d8 4d7 4d8
_ 145 27.199 4d8 4d8 4d8
_ 146 27.311 4d8 4d4 4d8
_ 147 27.423 4d8 4d8 4d8
_ 148 27.535 4d8 4d8 4d8
_ 149 27.887 4d8 4d8 4d8
_ 150 28.112 4d8 4d8 4d8
_ 151 28.335 4d8 4d8 4d8
_ 152 28.463 4d8 4d8 4d8
_ 153 28.576 4d8 4d8 4d8
_ 154 28.687 4d8 4d8 4d8
_ 155 28.799 4d8 4d8 4d8
_ 156 29.024 4d8 4d8 4d8
_ 157 29.151 4d8 4d7 4d8
_ 158 29.727 4d8 4d8 4d8
_ 159 29.839 4d8 4d8 4d8
_ 160 30.175 4d8 4d8 4d8
_ 161 30.527 4d8 4d8 4d8
_ 162 30.751 4d8 4d8 4d8
_ 163 30.991 4d8 4d8 4d8
_ 164 31.103 4d8 4d8 4d8
_ 165 31.215 4d8 4d7 4d8
_ 166 31.327 4d8 4d8 4d8
_ 167 31.439 4d8 4d8 4d8
_ 168 31.567 4d8 4d8 4d8
_ 169 31.679 4d8 4d8 4d8
_ 170 31.791 4d8 4d8 4d8
_ 171 31.903 4d8 4d7 4d8
_ 172 32.255 4d8 4d8 4d8
_ 173 32.367 4d8 4d8 4d8
_ 174 32.479 4d8 4d8 4d9
_ 175 32.703 4d8 4d8 4d8
_ 176 33.055 4d8 4d8 4d8
_ 177 33.279 4d8 4d8 4d8
_ 178 33.407 4d8 4d8 4d8
_ 179 33.519 4d8 4d8 4d8
_ 180 33.631 4d8 4d8 4d9
_ 181 33.743 4d8 4d8 4d8
_ 182 33.855 4d8 4d8 4d8
_ 183 33.967 4d8 4d8 4d8
_ 184 34.207 4d8 4d7 4d8
_ 185 34.431 4d8 4d8 4d8
_ 186 34.671 4d8 4d8 4d8
_ 187 34.783 4d8 4d8 4d8
_ 188 34.895 4d8 4d8 4d8
_ 189 35.007 4d8 4d8 4d8
_ 190 35.119 4d8 4d8 4d8
_ 191 35.232 4d8 4d8 4d8
_ 192 35.359 4d8 4d8 4d8
_ 193 35.695 4d8 4d8 4d8
_ 194 36.047 4d8 4d8 4d8
_ 195 36.159 4d8 4d8 4d8
_ 196 36.271 4d8 4d8 4d8
_ 197 36.383 4d8 4d8 4d8
_ 198 36.623 4d8 4d8 4d8
_ 199 36.735 4d8 4d8 4d8
_ 200 36.847 4d8 4d8 4d8
_ 201 36.959 4d8 4d4 4d8
_ 202 37.071 4d8 4d8 4d8
_ 203 37.423 4d8 4d8 4d8
_ 204 37.535 4d8 4d8 4d8
_ 205 37.647 4d8 4d4 4d8
_ 206 37.775 4d8 4d8 4d8
_ 207 37.887 4d8 4d8 4d8
_ 208 38.111 4d8 4d8 4d8
_ 209 38.223 4d8 4d8 4d8
_ 210 38.335 4d8 4d8 4d8
_ 211 38.575 4d8 4d8 4d8
_ 212 38.687 4d8 4d8 4d8
_ 213 38.799 4d8 4d8 4d8
_ 214 39.150 4d8 4d8 4d8
_ 215 39.263 4d8 4d8 4d8
_ 216 39.487 4d8 4d7 4d8
_ 217 40.063 4d8 4d8 4d8
_ 218 40.175 4d8 4d8 4d8
_ 219 40.302 4d8 4d8 4d9
_ 220 40.414 4d8 4d8 4d8
_ 221 40.527 4d8 4d8 4d8
_ 222 40.639 4d8 4d8 4d8
_ 223 40.751 4d8 4d8 4d8
_ 224 40.879 4d8 4d8 4d8
_ 225 40.990 4d8 4d8 4d8
_ 226 41.102 4d8 4d8 4d8
_ 227 41.214 4d8 4d8 4d8
_ 228 41.327 4d8 4d4 4d8
_ 229 41.454 4d8 4d8 4d8
_ 230 41.567 4d8 4d8 4d8
_ 231 41.678 4d8 4d8 4d8
_ 232 41.903 4d8 4d8 4d8
_ 233 42.014 4d8 4d7 4d8
_ 234 42.143 4d8 4d8 4d8
_ 235 42.255 4d8 4d8 4d8
_ 236 42.367 4d8 4d8 4d8
_ 237 42.718 4d8 4d8 4d8
_ 238 42.830 4d8 4d8 4d8
_ 239 42.942 4d8 4d8 4d8
_ 240 43.166 4d8 4d8 4d8
_ 241 43.278 4d8 4d8 4d8
_ 242 43.518 4d8 4d8 4d8
_ 243 43.630 4d8 4d8 4d8
_ 244 43.742 4d8 4d8 4d8
_ 245 43.854 4d8 4d4 4d8
_ 246 44.207 4d8 4d8 4d8
_ 247 44.319 4d8 4d8 4d8
_ 248 44.430 4d8 4d8 4d8
_ 249 44.558 4d8 4d8 4d8
_ 250 44.670 4d8 4d8 4d8
_ 251 45.007 4d8 4d8 4d8
_ 252 45.247 4d8 4d8 4d8
_ 253 45.358 4d8 4d8 4d8
_ 254 45.470 4d8 4d8 4d8
_ 255 45.822 4d8 4d8 4d8
_ 256 46.047 4d8 4d8 4d9
_ 257 46.158 4d8 4d8 4d8
_ 258 46.270 4d8 4d8 4d8
_ 259 46.383 4d8 4d8 4d8
_ 260 46.511 4d8 4d8 4d8
_ 261 46.734 4d8 4d8 4d8
_ 262 46.958 4d8 4d8 4d8
_ 263 47.198 4d8 4d8 4d8
_ 264 47.310 4d8 4d8 4d8
_ 265 47.422 4d8 4d8 4d8
_ 266 47.535 4d8 4d7 4d8
_ 267 47.774 4d8 4d8 4d8
_ 268 47.998 4d8 4d8 4d8
_ 269 48.111 4d8 4d8 4d8
_ 270 48.222 4d8 4d7 4d8
_ 271 48.350 4d8 4d8 4d8
_ 272 48.462 4d8 4d8 4d8
_ 273 48.574 4d8 4d8 4d8
_ 274 48.686 4d8 4d7 4d8
_ 275 48.798 4d8 4d8 4d8
_ 276 48.926 4d8 4d8 4d8
_ 277 49.038 4d8 4d8 4d8
_ 278 49.150 4d8 4d7 4d8
_ 279 49.262 4d8 4d8 4d8
_ 280 49.374 4d8 4d7 4d8
_ 281 49.614 4d8 4d8 4d8
_ 282 49.726 4d8 4d8 4d8
_ 283 49.838 4d8 4d8 4d8
_ 284 50.190 4d8 4d8 4d8
_ 285 50.302 4d8 4d8 4d8
_ 286 50.414 4d8 4d8 4d8
_ 287 50.638 4d8 4d8 4d8
_ 288 50.878 4d8 4d8 4d8
_ 289 51.102 4d8 4d8 4d8
_ 290 51.214 4d8 4d4 4d8
_ 291 51.454 4d8 4d7 4d8
_ 292 51.566 4d8 4d8 4d8
_ 293 52.142 4d8 4d8 4d8
_ 294 52.366 4d8 4d7 4d8
_ 295 52.479 4d8 4d8 4d8
_ 296 52.718 4d8 4d8 4d8
_ 297 52.830 4d8 4d8 4d8
_ 298 53.054 4d8 4d4 4d8
_ 299 53.630 4d8 4d8 4d9
_ 300 54.094 4d8 4d8 4d9
_ 301 54.206 4d8 4d8 4d8
_ 302 54.318 4d8 4d8 4d8
_ 303 54.430 4d8 4d8 4d8
_ 304 54.558 4d8 4d8 4d8
_ 305 54.894 4d8 4d7 4d8
_ 306 55.006 4d8 4d8 4d8
_ 307 55.246 4d8 4d8 4d8
_ 308 55.470 4d8 4d8 4d8
_ 309 55.582 4d8 4d8 4d8
_ 310 55.710 4d8 4d8 4d8
_ 311 55.823 4d8 4d7 4d8
_ 312 56.270 4d8 4d8 4d8
_ 313 56.398 4d8 4d8 4d8
_ 314 56.622 4d8 4d8 4d8
_ 315 56.846 4d8 4d8 4d8
_ 316 56.974 4d8 4d8 4d8
_ 317 57.198 4d8 4d4 4d8
_ 318 57.310 4d8 4d8 4d8
_ 319 57.662 4d8 4d8 4d8
_ 320 57.998 4d8 4d8 4d8
_ 321 58.110 4d8 4d8 4d8
_ 322 58.238 4d8 4d8 4d8
_ 323 58.350 4d8 4d8 4d8
_ 324 58.462 4d8 4d8 4d8
_ 325 58.574 4d8 4d8 4d8
_ 326 58.686 4d8 4d8 4d8
_ 327 58.814 4d8 4d8 4d8
_ 328 58.926 4d8 4d8 4d8
_ 329 59.038 4d8 4d8 4d8
_ 330 59.150 4d8 4d8 4d8
_ 331 59.374 4d8 4d8 4d8
_ 332 59.503 4d8 4d8 4d8
_ 333 59.614 4d8 4d8 4d8
_ 334 59.726 4d8 4d8 4d8
_ 335 59.838 4d8 4d8 4d8
_ 336 59.950 4d8 4d7 4d8
_ 337 60.190 4d8 4d8 4d8
_ 338 60.302 4d8 4d8 4d8
_ 339 60.414 4d8 4d4 4d8
_ 340 60.526 4d8 4d8 4d8
_ 341 60.638 4d8 4d8 4d8
_ 342 60.990 4d8 4d8 4d8
_ 343 61.102 4d8 4d8 4d8
_ 344 61.214 4d8 4d8 4d8
_ 345 61.342 4d8 4d8 4d8
_ 346 61.454 4d8 4d8 4d8
_ 347 61.566 4d8 4d8 4d8
_ 348 61.678 4d8 4d8 4d8
_ 349 61.918 4d8 4d8 4d8
_ 350 62.030 4d8 4d8 4d8
_ 351 62.142 4d8 4d8 4d8
_ 352 62.254 4d8 4d8 4d8
_ 353 62.366 4d8 4d8 4d9
_ 354 62.606 4d8 4d8 4d9
_ 355 62.718 4d8 4d8 4d8
_ 356 62.942 4d8 4d8 4d8
_ 357 63.054 4d8 4d8 4d8
_ 358 63.294 4d8 4d8 4d8
_ 359 63.406 4d8 4d8 4d8
_ 360 63.630 4d8 4d8 4d8
_ 361 63.742 4d8 4d8 4d8
_ 362 64.206 4d8 4d8 4d8
_ 363 64.558 4d8 4d8 4d8
_ 364 64.670 4d8 4d8 4d8
_ 365 64.894 4d8 4d8 4d9
_ 366 65.022 4d8 4d8 4d8
_ 367 65.134 4d8 4d8 4d8
_ 368 65.246 4d8 4d8 4d8
_ 369 65.358 4d8 4d8 4d8
_ 370 65.582 4d8 4d8 4d8
_ 371 65.710 4d8 4d8 4d8
_ 372 65.934 4d8 4d8 4d8
_ 373 66.046 4d8 4d8 4d8
_ 374 66.158 4d8 4d8 4d8
_ 375 66.397 4d8 4d8 4d8
_ 376 66.510 4d8 4d8 4d8
_ 377 66.733 4d8 4d8 4d8
_ 378 66.846 4d8 4d8 4d8
_ 379 66.974 4d8 4d8 4d9
_ 380 67.086 4d8 4d8 4d8
_ 381 67.197 4d8 4d8 4d8
_ 382 67.421 4d8 4d8 4d8
_ 383 67.662 4d8 4d8 4d8
_ 384 67.773 4d8 4d8 4d8
_ 385 67.886 4d8 4d8 4d8
_ 386 68.126 4d8 4d8 4d8
_ 387 68.349 4d8 4d8 4d9
_ 388 68.461 4d8 4d8 4d8
_ 389 69.037 4d8 4d8 4d9
_ 390 69.149 4d8 4d8 4d8
_ 391 69.261 4d8 4d8 4d8
_ 392 69.501 4d8 4d8 4d8
_ 393 69.613 4d8 4d8 4d8
_ 394 70.190 4d8 4d8 4d8
_ 395 70.414 4d8 4d8 4d9
_ 396 70.526 4d8 4d8 4d8
_ 397 70.654 4d8 4d8 4d9
_ 398 70.877 4d8 4d8 4d9
_ 399 70.989 4d8 4d8 4d8
_ 400 71.101 4d8 4d8 4d8
_ 401 71.229 4d8 4d8 4d8
_ 402 71.677 4d8 4d7 4d8
_ 403 71.789 4d8 4d8 4d8
_ 404 71.917 4d8 4d8 4d8
_ 405 72.029 4d8 4d8 4d8
_ 406 72.142 4d8 4d4 4d8
_ 407 72.253 4d8 4d8 4d8
_ 408 72.717 4d8 4d8 4d9
_ 409 72.829 4d8 4d8 4d8
_ 410 72.942 4d8 4d8 4d9
_ 411 73.053 4d8 4d8 4d8
_ 412 73.181 4d8 4d8 4d8
_ 413 73.294 4d8 4d8 4d8
_ 414 73.405 4d8 4d8 4d8
_ 415 73.757 4d8 4d8 4d8
_ 416 73.869 4d8 4d8 4d8
_ 417 73.982 4d8 4d8 4d8
_ 418 74.094 4d8 4d8 4d8
_ 419 74.206 4d8 4d8 4d8
_ 420 74.333 4d8 4d8 4d8
_ 421 74.669 4d8 4d8 4d8
_ 422 75.021 4d8 4d8 4d9
_ 423 75.245 4d8 4d8 4d8
_ 424 75.357 4d8 4d8 4d8
_ 425 75.469 4d8 4d8 4d8
_ 426 75.598 4d8 4d7 4d8
_ 427 75.709 4d8 4d8 4d8
_ 428 75.821 4d8 4d8 4d8
_ 429 75.933 4d8 4d8 4d8
_ 430 76.173 4d8 4d8 4d8
_ 431 76.285 4d8 4d7 4d8
_ 432 76.509 4d8 4d8 4d8
_ 433 76.621 4d8 4d8 4d8
_ 434 76.733 4d8 4d8 4d8
_ 435 76.862 4d8 4d8 4d9
_ 436 77.085 4d8 4d8 4d8
_ 437 77.197 4d8 4d8 4d8
_ 438 77.309 4d8 4d8 4d8
_ 439 77.661 4d8 4d8 4d8
_ 440 77.773 4d8 4d8 4d8
_ 441 77.885 4d8 4d8 4d8
_ 442 77.997 4d8 4d8 4d9
_ 443 78.125 4d8 4d8 4d8
_ 444 78.349 4d8 4d8 4d8
_ 445 78.461 4d8 4d8 4d8
_ 446 78.573 4d8 4d8 4d8
_ 447 78.701 4d8 4d8 4d8
_ 448 78.813 4d8 4d8 4d8
_ 449 79.149 4d8 4d8 4d8
_ 450 79.613 4d8 4d8 4d9
_ 451 79.725 4d8 4d8 4d8
_ 452 79.837 4d8 4d8 4d8
_ 453 80.077 4d8 4d8 4d8
_ 454 80.413 4d8 4d8 4d8
_ 455 80.541 4d8 4d8 4d9
_ 456 80.653 4d8 4d8 4d8
_ 457 80.877 4d8 4d8 4d8
_ 458 80.989 4d8 4d8 4d9
_ 459 81.101 4d8 4d8 4d8
_ 460 81.341 4d8 4d8 4d8
_ 461 81.677 4d8 4d8 4d8
_ 462 81.805 4d8 4d8 4d8
_ 463 82.030 4d8 4d8 4d8
_ 464 82.141 4d8 4d8 4d8
_ 465 82.493 4d8 4d8 4d8
_ 466 82.829 4d8 4d8 4d9
_ 467 82.941 4d8 4d8 4d8
_ 468 83.517 4d8 4d8 4d8
_ 469 83.757 4d8 4d8 4d8
_ 470 83.869 4d8 4d8 4d8
_ 471 84.093 4d8 4d8 4d8
_ 472 84.205 4d8 4d8 4d8
_ 473 84.445 4d8 4d8 4d9
_ 474 84.558 4d8 4d8 4d8
_ 475 84.909 4d8 4d8 4d8
_ 476 85.021 4d8 4d8 4d8
_ 477 85.357 4d8 4d8 4d9
_ 478 85.709 4d8 4d8 4d8
_ 479 85.821 4d8 4d8 4d8
_ 480 85.933 4d8 4d8 4d8
_ 481 86.173 4d8 4d8 4d8
_ 482 86.285 4d8 4d8 4d8
_ 483 86.397 4d8 4d8 4d8
_ 484 86.621 4d8 4d8 4d8
_ 485 86.749 4d8 4d8 4d9
_ 486 86.973 4d8 4d8 4d8
_ 487 87.085 4d8 4d8 4d8
_ 488 87.197 4d8 4d8 4d8
_ 489 87.309 4d8 4d8 4d8
_ 490 87.437 4d8 4d8 4d8
_ 491 87.549 4d8 4d8 4d8
_ 492 87.661 4d8 4d8 4d8
_ 493 87.773 4d8 4d8 4d8
_ 494 87.885 4d8 4d8 4d8
_ 495 88.125 4d8 4d8 4d9
_ 496 88.237 4d8 4d8 4d8
_ 497 88.349 4d8 4d8 4d9
_ 498 88.589 4d8 4d8 4d9
_ 499 88.813 4d8 4d8 4d8
_ 500 88.925 4d8 4d8 4d8
_ 501 89.149 4d8 4d7 4d8
_ 502 89.277 4d8 4d8 4d9
_ 503 89.389 4d8 4d7 4d8
_ 504 89.613 4d8 4d8 4d8
_ 505 89.725 4d8 4d8 4d8
_ 506 90.077 4d8 4d8 4d8
_ 507 90.301 4d8 4d8 4d8
_ 508 90.413 4d8 4d8 4d9
_ 509 90.541 4d8 4d8 4d8
_ 510 90.653 4d8 4d8 4d8
_ 511 90.765 4d8 4d8 4d8
_ 512 90.877 4d8 4d8 4d9
_ 513 91.453 4d8 4d8 4d8
_ 514 91.693 4d8 4d8 4d8
_ 515 91.804 4d8 4d8 4d8
_ 516 91.916 4d8 4d8 4d8
_ 517 92.029 4d8 4d8 4d8
_ 518 92.253 4d8 4d8 4d8
_ 519 92.493 4d8 4d8 4d9
_ 520 92.605 4d8 4d8 4d8
_ 521 92.717 4d8 4d8 4d9
_ 522 92.829 4d8 4d8 4d8
_ 523 93.180 4d8 4d8 4d8
_ 524 93.405 4d8 4d8 4d9
_ 525 93.517 4d8 4d8 4d8
_ 526 93.645 4d8 4d8 4d8
_ 527 93.868 4d8 4d8 4d8
_ 528 94.093 4d8 4d8 4d8
_ 529 94.332 4d8 4d8 4d8
_ 530 94.445 4d8 4d8 4d8
_ 531 94.557 4d8 4d8 4d8
_ 532 94.668 4d8 4d8 4d8
_ 533 94.909 4d8 4d8 4d8
_ 534 95.020 4d8 4d8 4d8
_ 535 95.132 4d8 4d8 4d8
_ 536 95.357 4d8 4d8 4d8
_ 537 95.485 4d8 4d8 4d8
_ 538 95.709 4d8 4d8 4d8
_ 539 95.821 4d8 4d8 4d8
_ 540 95.932 4d8 4d8 4d9
_ 541 96.060 4d8 4d8 4d8
_ 542 96.285 4d8 4d8 4d8
_ 543 96.396 4d8 4d8 4d9
_ 544 96.621 4d8 4d8 4d9
_ 545 96.749 4d8 4d8 4d8
_ 546 97.085 4d8 4d8 4d9
_ 547 97.197 4d8 4d8 4d8
_ 548 97.325 4d8 4d8 4d8
_ 549 97.548 4d8 4d8 4d9
_ 550 98.012 4d8 4d8 4d8
_ 551 98.125 4d8 4d8 4d8
_ 552 98.237 4d8 4d8 4d8
_ 553 98.461 4d8 4d8 4d9
_ 554 99.164 4d8 4d8 4d8
_ 555 99.388 4d8 4d8 4d8
_ 556 99.501 4d8 4d7 4d8
_ 557 99.612 4d8 4d8 4d8
_ 558 99.852 4d8 4d8 4d8
_ 559 99.964 4d8 4d8 4d8
_ 560 100.077 4d8 4d8 4d9
_ 561 100.428 4d8 4d8 4d8
_ 562 100.764 4d8 4d8 4d8
_ 563 100.876 4d8 4d8 4d8
_ 564 101.116 4d8 4d8 4d8
_ 565 101.228 4d8 4d8 4d8
_ 566 101.564 4d8 4d8 4d8
_ 567 102.028 4d8 4d4 4d8
_ 568 102.141 4d8 4d8 4d9
_ 569 102.268 4d8 4d8 4d8
_ 570 102.380 4d8 4d8 4d8
_ 571 102.492 4d8 4d8 4d8
_ 572 102.605 4d8 4d8 4d8
_ 573 102.716 4d8 4d8 4d8
_ 574 102.844 4d8 4d8 4d8
_ 575 103.068 4d8 4d8 4d8
_ 576 103.180 4d8 4d8 4d8
_ 577 103.404 4d8 4d8 4d8
_ 578 103.757 4d8 4d8 4d8
_ 579 103.980 4d8 4d8 4d8
_ 580 104.108 4d8 4d8 4d8
_ 581 104.220 4d8 4d8 4d8
_ 582 104.444 4d8 4d8 4d9
_ 583 104.556 4d8 4d8 4d8
_ 584 104.796 4d8 4d8 4d8
_ 585 104.908 4d8 4d8 4d8
_ 586 105.132 4d8 4d8 4d9
_ 587 105.245 4d8 4d4 4d8
_ 588 105.596 4d8 4d8 4d8
_ 589 105.709 4d8 4d8 4d9
_ 590 105.820 4d8 4d8 4d9
_ 591 106.396 4d8 4d8 4d8
_ 592 106.636 4d8 4d8 4d8
_ 593 106.748 4d8 4d8 4d9
_ 594 106.860 4d8 4d8 4d8
_ 595 106.972 4d8 4d8 4d8
_ 596 107.085 4d8 4d4 4d8
_ 597 107.212 4d8 4d8 4d9
_ 598 107.325 4d8 4d8 4d8
_ 599 107.436 4d8 4d8 4d9
_ 600 107.772 4d8 4d8 4d8
_ 601 107.901 4d8 4d8 4d9
_ 602 108.124 4d8 4d8 4d8
_ 603 108.476 4d8 4d8 4d8
_ 604 108.588 4d8 4d8 4d9
_ 605 108.700 4d8 4d8 4d8
_ 606 108.813 4d8 4d8 4d9
_ 607 109.164 4d8 4d8 4d8
_ 608 109.276 4d8 4d8 4d8
_ 609 109.500 4d8 4d8 4d8
_ 610 109.612 4d8 4d8 4d8
_ 611 109.740 4d8 4d8 4d8
_ 612 110.076 4d8 4d8 4d8
_ 613 110.188 4d8 4d8 4d9
_ 614 110.316 4d8 4d8 4d9
_ 615 110.540 4d8 4d8 4d8
_ 616 110.765 4d8 4d8 4d8
_ 617 110.876 4d8 4d8 4d9
_ 618 111.005 4d8 4d8 4d8
_ 619 111.340 4d8 4d8 4d8
_ 620 111.452 4d8 4d8 4d8
_ 621 111.692 4d8 4d8 4d8
_ 622 111.805 4d8 4d8 4d9
_ 623 111.916 4d8 4d8 4d8
_ 624 112.156 4d8 4d8 4d8
_ 625 112.268 4d8 4d8 4d9
_ 626 112.380 4d8 4d8 4d9
_ 627 112.492 4d8 4d8 4d9
_ 628 112.605 4d8 4d8 4d8
_ 629 112.716 4d8 4d8 4d9
_ 630 112.845 4d8 4d8 4d8
_ 631 113.292 4d8 4d8 4d8
_ 632 113.420 4d8 4d8 4d9
_ 633 113.531 4d8 4d8 4d8
_ 634 113.643 4d8 4d8 4d9
_ 635 113.755 4d8 4d8 4d8
_ 636 113.868 4d8 4d8 4d9
_ 637 113.980 4d8 4d8 4d8
_ 638 114.108 4d8 4d8 4d9
_ 639 114.332 4d8 4d8 4d8
_ 640 114.556 4d8 4d8 4d8
_ 641 114.796 4d8 4d8 4d9
_ 642 114.909 4d8 4d8 4d8
_ 643 115.020 4d8 4d8 4d8
_ 644 115.259 4d8 4d8 4d9
_ 645 115.484 4d8 4d8 4d9
_ 646 115.596 4d8 4d8 4d8
_ 647 115.708 4d8 4d8 4d8
_ 648 115.948 4d8 4d8 4d8
_ 649 116.060 4d8 4d8 4d8
_ 650 116.172 4d8 4d8 4d9
_ 651 116.284 4d8 4d8 4d8
_ 652 116.524 4d8 4d8 4d8
_ 653 116.635 4d8 4d8 4d9
_ 654 116.860 4d8 4d8 4d8
_ 655 116.972 4d8 4d8 4d8
_ 656 117.548 4d8 4d8 4d8
_ 657 117.788 4d8 4d8 4d8
_ 658 117.900 4d8 4d8 4d8
_ 659 118.236 4d2 4d8 4d9
_ 660 118.364 4d8 4d8 4d8
_ 661 118.588 4d8 4d8 4d8
_ 662 118.699 4d8 4d8 4d8
_ 663 118.811 4d8 4d4 4d8
_ 664 118.923 4d8 4d8 4d8
_ 665 119.163 4d8 4d8 4d8
_ 666 119.275 4d8 4d8 4d8
_ 667 119.388 4d8 4d8 4d8
_ 668 119.627 4d8 4d8 4d8
_ 669 119.739 4d8 4d8 4d8
_ 670 119.851 4d8 4d8 4d8
_ 671 120.075 4d8 4d8 4d9
_ 672 120.427 4d8 4d4 4d8
_ 673 120.540 4d8 4d8 4d8
_ 674 120.763 4d8 4d8 4d8
_ 675 120.891 4d8 4d4 4d8
_ 676 121.003 4d8 4d8 4d9
_ 677 121.227 4d8 4d8 4d9
_ 678 121.339 4d8 4d8 4d8
_ 679 121.467 4d8 4d8 4d8
_ 680 121.579 4d8 4d8 4d8
_ 681 121.692 4d8 4d8 4d8
_ 682 121.915 4d8 4d8 4d8
_ 683 122.731 4d8 4d8 4d8
_ 684 122.843 4d8 4d8 4d9
_ 685 122.955 4d8 4d8 4d8
_ 686 123.067 4d8 4d8 4d9
_ 687 123.179 4d8 4d8 4d8
_ 688 123.419 4d8 4d8 4d8
_ 689 123.643 4d8 4d8 4d8
_ 690 123.755 4d8 4d8 4d8
_ 691 124.107 4d8 4d8 4d8
_ 692 124.219 4d8 4d8 4d9
_ 693 124.331 4d8 4d8 4d8
_ 694 124.444 4d8 4d8 4d8
_ 695 124.571 4d8 4d8 4d8
_ 696 124.684 4d8 4d8 4d9
_ 697 125.131 4d8 4d8 4d8
_ 698 125.483 4d8 4d8 4d8
_ 699 125.596 4d8 4d8 4d8
_ 700 125.707 4d8 4d8 4d8
_ 701 125.836 4d8 4d8 4d8
_ 702 126.059 4d8 4d8 4d8
_ 703 126.283 4d8 4d8 4d8
_ 704 126.523 4d8 4d8 4d8
_ 705 126.859 4d8 4d8 4d8
_ 706 127.323 4d8 4d8 4d8
_ 707 127.435 4d8 4d8 4d8
_ 708 127.787 4d8 4d8 4d8
_ 709 127.899 4d8 4d8 4d8
_ 710 128.011 4d8 4d8 4d8
_ 711 128.236 4d8 4d8 4d8
_ 712 128.363 4d8 4d8 4d9
_ 713 128.475 4d8 4d8 4d8
_ 714 128.939 4d8 4d8 4d8
_ 715 129.051 4d8 4d8 4d8
_ 716 129.163 4d8 4d4 4d8
_ 717 129.388 4d8 4d8 4d8
_ 718 129.515 4d8 4d8 4d8
_ 719 129.851 4d8 4d4 4d8
_ 720 129.964 4d8 4d8 4d8
_ 721 130.075 4d8 4d8 4d8
_ 722 130.203 4d8 4d8 4d9
_ 723 130.427 4d8 4d8 4d8
_ 724 130.651 4d8 4d8 4d8
_ 725 130.891 4d8 4d8 4d9
_ 726 131.003 4d8 4d8 4d8
_ 727 131.115 4d8 4d8 4d8
_ 728 131.339 4d8 4d8 4d8
_ 729 131.579 4d8 4d8 4d8
_ 730 131.691 4d8 4d8 4d8
_ 731 131.915 4d8 4d8 4d8
_ 732 132.043 4d8 4d8 4d8
_ 733 132.619 4d8 4d8 4d8
_ 734 132.731 4d8 4d8 4d8
_ 735 132.843 4d8 4d8 4d8
_ 736 132.955 4d8 4d8 4d9
_ 737 133.179 4d8 4d8 4d8
_ 738 133.419 4d8 4d8 4d8
_ 739 133.531 4d8 4d8 4d8
_ 740 133.755 4d8 4d8 4d8
_ 741 133.883 4d8 4d8 4d8
_ 742 133.995 4d8 4d8 4d8
_ 743 134.107 4d8 4d8 4d8
_ 744 134.219 4d8 4d8 4d8
_ 745 134.443 4d8 4d8 4d8
_ 746 135.020 4d8 4d8 4d8
_ 747 135.259 4d8 4d8 4d8
_ 748 135.371 4d8 4d8 4d8
_ 749 135.483 4d8 4d8 4d8
_ 750 135.595 4d8 4d8 4d8
_ 751 135.723 4d8 4d8 4d9
_ 752 135.835 4d8 4d8 4d8
_ 753 136.059 4d8 4d8 4d8
_ 754 136.171 4d8 4d8 4d8
_ 755 136.283 4d8 4d8 4d8
_ 756 136.411 4d8 4d8 4d9
_ 757 136.523 4d8 4d8 4d8
_ 758 136.635 4d8 4d8 4d9
_ 759 136.747 4d8 4d8 4d8
_ 760 136.859 4d8 4d8 4d9
_ 761 136.987 4d8 4d8 4d8
_ 762 137.099 4d8 4d8 4d9
_ 763 137.211 4d8 4d4 4d8
_ 764 137.323 4d8 4d8 4d8
_ 765 137.675 4d8 4d8 4d8
_ 766 138.011 4d8 4d8 4d8
_ 767 138.123 4d8 4d8 4d8
_ 768 138.363 4d8 4d8 4d8
_ 769 138.475 4d8 4d8 4d9
_ 770 138.587 4d8 4d8 4d8
_ 771 138.699 4d8 4d8 4d8
_ 772 138.827 4d8 4d8 4d8
_ 773 139.051 4d8 4d8 4d8
_ 774 139.163 4d8 4d8 4d9
_ 775 139.275 4d8 4d7 4d8
_ 776 139.387 4d8 4d8 4d8
_ 777 139.515 4d8 4d8 4d8
_ 778 139.627 4d8 4d8 4d8
_ 779 139.739 4d8 4d8 4d8
_ 780 139.851 4d8 4d8 4d8
_ 781 140.427 4d8 4d7 4d8
_ 782 140.779 4d8 4d8 4d8
_ 783 140.891 4d8 4d8 4d8
_ 784 141.115 4d8 4d4 4d8
_ 785 141.355 4d8 4d8 4d8
_ 786 141.579 4d8 4d8 4d8
_ 787 141.803 4d8 4d8 4d8
_ 788 142.267 4d8 4d7 4d8
_ 789 142.491 4d8 4d8 4d8
_ 790 142.619 4d8 4d8 4d8
_ 791 142.731 4d8 4d8 4d8
_ 792 142.843 4d8 4d8 4d8
_ 793 143.195 4d8 4d7 4d8
_ 794 143.642 4d8 4d7 4d8
_ 795 143.883 4d8 4d8 4d8
_ 796 143.995 4d8 4d8 4d8
_ 797 144.107 4d8 4d7 4d8
_ 798 144.219 4d8 4d8 4d9
_ 799 144.331 4d8 4d8 4d8
_ 800 144.459 4d8 4d8 4d9
_ 801 144.571 4d8 4d8 4d8
_ 802 144.683 4d8 4d8 4d8
_ 803 144.907 4d8 4d8 4d9
_ 804 145.147 4d8 4d8 4d8
_ 805 145.258 4d8 4d8 4d8
_ 806 145.482 4d8 4d8 4d8
_ 807 145.595 4d8 4d8 4d9
_ 808 145.723 4d8 4d8 4d8
_ 809 145.835 4d8 4d8 4d8
_ 810 145.947 4d8 4d8 4d8
_ 811 146.058 4d8 4d8 4d9
_ 812 146.170 4d8 4d4 4d8
_ 813 146.298 4d8 4d8 4d8
_ 814 146.410 4d8 4d8 4d8
_ 815 146.522 4d8 4d8 4d9
_ 816 146.748 4d8 4d8 4d9
_ 817 147.211 4d8 4d8 4d9
_ 818 147.787 4d8 4d8 4d8
_ 819 148.250 4d8 4d8 4d8
_ 820 148.362 4d8 4d8 4d8
_ 821 148.475 4d8 4d8 4d8
_ 822 148.826 4d8 4d8 4d8
_ 823 148.938 4d8 4d8 4d8
_ 824 149.051 4d8 4d8 4d8
_ 825 149.162 4d8 4d8 4d8
_ 826 149.274 4d8 4d8 4d9
_ 827 149.515 4d8 4d8 4d9
_ 828 149.626 4d8 4d8 4d8
_ 829 149.738 4d8 4d8 4d8
_ 830 149.851 4d8 4d8 4d8
_ 831 150.091 4d8 4d8 4d8
_ 832 150.315 4d8 4d7 4d8
_ 833 150.427 4d8 4d8 4d8
_ 834 150.539 4d8 4d7 4d8
_ 835 150.778 4d8 4d8 4d8
_ 836 150.891 4d8 4d8 4d8
_ 837 151.003 4d8 4d8 4d8
_ 838 151.115 4d8 4d8 4d8
_ 839 151.467 4d8 4d8 4d8
_ 840 151.578 4d8 4d8 4d8
_ 841 151.690 4d8 4d8 4d8
_ 842 152.042 4d8 4d8 4d8
_ 843 152.266 4d8 4d8 4d8
_ 844 152.379 4d8 4d7 4d8
_ 845 152.618 4d8 4d8 4d8
_ 846 152.730 4d8 4d8 4d8
_ 847 152.843 4d8 4d8 4d8
_ 848 153.066 4d8 4d8 4d8
_ 849 153.195 4d8 4d8 4d8
_ 850 153.419 4d8 4d8 4d8
_ 851 153.642 4d8 4d8 4d8
_ 852 153.770 4d8 4d7 4d8
_ 853 153.882 4d8 4d8 4d8
_ 854 153.995 4d8 4d8 4d8
_ 855 154.106 4d8 4d8 4d8
_ 856 154.346 4d8 4d8 4d8
_ 857 154.570 4d8 4d8 4d8
_ 858 154.682 4d8 4d8 4d8
_ 859 154.795 4d8 4d8 4d8
_ 860 154.907 4d8 4d8 4d8
_ 861 155.035 4d8 4d8 4d8
_ 862 155.258 4d8 4d8 4d9
_ 863 155.370 4d8 4d8 4d8
_ 864 155.482 4d8 4d8 4d8
_ 865 155.611 4d8 4d8 4d8
_ 866 155.722 4d8 4d8 4d8
_ 867 155.835 4d8 4d8 4d8
_ 868 155.946 4d8 4d8 4d8
_ 869 156.059 4d8 4d4 4d8
_ 870 156.186 4d8 4d8 4d8
_ 871 156.298 4d8 4d8 4d8
_ 872 156.411 4d8 4d8 4d8
_ 873 156.987 4d8 4d8 4d8
_ 874 157.099 4d8 4d8 4d8
_ 875 157.450 4d8 4d4 4d8
_ 876 157.563 4d8 4d8 4d8
_ 877 157.674 4d8 4d8 4d8
_ 878 157.787 4d8 4d8 4d8
_ 879 158.250 4d8 4d8 4d8
_ 880 158.362 4d8 4d4 4d8
_ 881 158.714 4d8 4d8 4d8
_ 882 158.827 4d8 4d8 4d8
_ 883 159.162 4d8 4d8 4d8
_ 884 159.290 4d8 4d7 4d8
_ 885 159.403 4d8 4d8 4d8
_ 886 159.514 4d8 4d8 4d8
_ 887 160.090 4d8 4d8 4d8
_ 888 160.426 4d8 4d8 4d8
_ 889 160.666 4d8 4d8 4d8
_ 890 160.778 4d8 4d7 4d8
_ 891 160.890 4d8 4d8 4d8
_ 892 161.114 4d8 4d8 4d8
_ 893 161.242 4d8 4d8 4d8
_ 894 161.354 4d8 4d8 4d8
_ 895 161.466 4d8 4d8 4d8
_ 896 161.579 4d8 4d7 4d8
_ 897 161.930 4d8 4d8 4d8
_ 898 162.042 4d8 4d8 4d8
_ 899 162.154 4d8 4d8 4d8
_ 900 162.266 4d8 4d8 4d8
_ 901 162.394 4d8 4d8 4d8
_ 902 162.506 4d8 4d8 4d8
_ 903 162.618 4d8 4d8 4d8
_ 904 162.954 4d8 4d8 4d8
_ 905 163.306 4d8 4d8 4d8
_ 906 163.418 4d8 4d7 4d8
_ 907 163.530 4d8 4d8 4d8
_ 908 163.882 4d8 4d4 4d8
_ 909 163.994 4d8 4d8 4d8
_ 910 164.106 4d8 4d8 4d8
_ 911 164.458 4d8 4d4 4d8
_ 912 164.570 4d8 4d8 4d8
_ 913 164.794 4d8 4d8 4d8
_ 914 164.922 4d8 4d8 4d8
_ 915 165.034 4d8 4d7 4d8
_ 916 165.146 4d8 4d8 4d8
_ 917 165.370 4d8 4d8 4d8
_ 918 165.610 4d8 4d8 4d8
_ 919 165.834 4d8 4d8 4d8
_ 920 165.946 4d8 4d7 4d8
_ 921 166.058 4d8 4d8 4d8
_ 922 166.298 4d8 4d8 4d8
_ 923 166.410 4d8 4d7 4d8
_ 924 166.522 4d8 4d8 4d8
_ 925 166.634 4d8 4d4 4d8
_ 926 166.762 4d8 4d8 4d8
_ 927 166.874 4d8 4d8 4d8
_ 928 166.986 4d8 4d8 4d8
_ 929 167.098 4d8 4d8 4d8
_ 930 167.322 4d8 4d8 4d8
_ 931 167.450 4d8 4d8 4d9
_ 932 168.026 4d8 4d7 4d8
_ 933 168.138 4d8 4d8 4d8
_ 934 168.250 4d8 4d8 4d8
_ 935 168.602 4d8 4d8 4d8
_ 936 168.826 4d8 4d8 4d8
_ 937 169.050 4d8 4d8 4d9
_ 938 169.162 4d8 4d7 4d8
_ 939 169.290 4d8 4d8 4d8
_ 940 169.402 4d8 4d8 4d8
_ 941 169.514 4d8 4d8 4d9
_ 942 169.978 4d8 4d8 4d9
_ 943 170.314 4d8 4d8 4d8
_ 944 170.426 4d8 4d8 4d8
_ 945 170.554 4d8 4d7 4d8
_ 946 170.666 4d8 4d8 4d8
_ 947 170.778 4d8 4d8 4d8
_ 948 170.890 4d8 4d8 4d8
_ 949 171.002 4d8 4d8 4d8
_ 950 171.242 4d8 4d7 4d8
_ 951 171.466 4d8 4d8 4d8
_ 952 171.705 4d8 4d8 4d8
_ 953 171.818 4d8 4d8 4d8
_ 954 171.930 4d8 4d7 4d8
_ 955 172.042 4d8 4d8 4d8
_ 956 172.265 4d8 4d8 4d8
_ 957 172.393 4d8 4d8 4d8
_ 958 172.505 4d8 4d8 4d8
_ 959 172.618 4d8 4d8 4d8
_ 960 172.729 4d8 4d8 4d8
_ 961 172.970 4d8 4d8 4d8
_ 962 173.194 4d8 4d8 4d8
_ 963 173.305 4d8 4d7 4d8
_ 964 173.529 4d8 4d8 4d8
_ 965 173.881 4d8 4d8 4d9
_ 966 173.993 4d8 4d8 4d8
_ 967 174.105 4d8 4d8 4d8
_ 968 174.233 4d8 4d8 4d8
_ 969 174.346 4d8 4d8 4d9
_ 970 174.569 4d8 4d8 4d8
_ 971 175.145 4d8 4d8 4d8
_ 972 175.497 4d8 4d8 4d8
_ 973 176.073 4d8 4d8 4d8
_ 974 176.297 4d8 4d8 4d8
_ 975 176.521 4d8 4d8 4d8
_ 976 176.649 4d8 4d8 4d9
_ 977 176.761 4d8 4d8 4d8
_ 978 176.986 4d8 4d8 4d8
_ 979 177.097 4d8 4d8 4d8
_ 980 177.209 4d8 4d8 4d8
_ 981 177.338 4d8 4d8 4d8
_ 982 177.673 4d8 4d8 4d8
_ 983 177.913 4d8 4d8 4d8
_ 984 178.025 4d8 4d8 4d8
_ 985 178.137 4d8 4d8 4d8
_ 986 178.249 4d8 4d8 4d8
_ 987 178.361 4d8 4d8 4d8
_ 988 178.474 4d8 4d8 4d9
_ 989 178.601 4d8 4d8 4d8
_ 990 178.825 4d8 4d8 4d8
_ 991 178.937 4d8 4d8 4d8
_ 992 179.049 4d8 4d8 4d8
_ 993 179.401 4d8 4d8 4d8
_ 994 179.625 4d8 4d8 4d8
_ 995 179.753 4d8 4d8 4d8
_ 996 179.865 4d8 4d8 4d8
_ 997 180.089 4d8 4d8 4d8
_ 998 180.313 4d8 4d8 4d8
_ 999 180.441 4d8 4d8 4d8
_ 1000 180.777 4d8 4d8 4d9
_ 1001 180.889 4d8 4d8 4d8
_ 1002 181.017 4d8 4d8 4d9
_ 1003 181.241 4d8 4d8 4d8
_ 1004 181.465 4d8 4d8 4d8
_ 1005 181.577 4d8 4d8 4d8
_ 1006 181.817 4d8 4d8 4d8
_ 1007 181.929 4d8 4d8 4d8
_ 1008 182.041 4d8 4d8 4d8
_ 1009 182.153 4d8 4d8 4d8
_ 1010 182.281 4d8 4d4 4d8
_ 1011 182.505 4d8 4d8 4d8
_ 1012 182.617 4d8 4d8 4d8
_ 1013 182.857 4d8 4d8 4d8
_ 1014 182.969 4d8 4d8 4d8
_ 1015 183.081 4d8 4d8 4d8
_ 1016 183.193 4d8 4d8 4d8
_ 1017 183.305 4d8 4d8 4d8
_ 1018 183.545 4d8 4d8 4d8
_ 1019 183.657 4d8 4d8 4d8
_ 1020 183.881 4d8 4d8 4d8
_ 1021 183.993 4d8 4d8 4d8
_ 1022 184.121 4d8 4d8 4d8
_ 1023 184.457 4d8 4d8 4d8
_ 1024 184.569 4d8 4d8 4d8
_ 1025 184.681 4d8 4d8 4d8
_ 1026 185.033 4d8 4d8 4d8
_ 1027 185.257 4d8 4d8 4d8
_ 1028 185.385 4d8 4d8 4d9
_ 1029 185.609 4d8 4d8 4d9
_ 1030 185.721 4d8 4d8 4d8
_ 1031 186.186 4d8 4d4 4d8
_ 1032 186.297 4d8 4d8 4d8
_ 1033 186.409 4d8 4d8 4d8
_ 1034 186.521 4d8 4d8 4d8
_ 1035 186.649 4d8 4d8 4d8
_ 1036 186.761 4d8 4d8 4d8
_ 1037 186.873 4d8 4d7 4d8
_ 1038 186.985 4d8 4d8 4d8
_ 1039 187.225 4d8 4d8 4d9
_ 1040 187.337 4d8 4d7 4d8
_ 1041 187.673 4d8 4d8 4d8
_ 1042 187.785 4d8 4d8 4d8
_ 1043 188.137 4d8 4d8 4d9
_ 1044 188.249 4d8 4d8 4d8
_ 1045 188.361 4d8 4d8 4d9
_ 1046 188.601 4d8 4d8 4d8
_ 1047 188.825 4d8 4d8 4d9
_ 1048 188.937 4d8 4d8 4d8
_ 1049 189.625 4d8 4d8 4d8
_ 1050 189.753 4d8 4d8 4d8
_ 1051 190.201 4d8 4d8 4d8
_ 1052 190.441 4d8 4d8 4d9
_ 1053 190.889 4d8 4d8 4d9
_ 1054 191.017 4d8 4d8 4d8
_ 1055 191.241 4d8 4d8 4d8
_ 1056 191.353 4d8 4d8 4d8
_ 1057 191.465 4d8 4d8 4d8
_ 1058 191.705 4d8 4d8 4d8
_ 1059 192.169 4d8 4d8 4d8
_ 1060 192.505 4d8 4d8 4d9
_ 1061 192.617 4d8 4d8 4d8
_ 1062 192.729 4d8 4d8 4d8
_ 1063 192.857 4d8 4d8 4d8
_ 1064 193.081 4d8 4d8 4d8
_ 1065 193.305 4d8 4d8 4d8
_ 1066 193.433 4d8 4d8 4d8
_ 1067 193.545 4d8 4d8 4d8
_ 1068 193.657 4d8 4d8 4d8
_ 1069 193.769 4d8 4d8 4d8
_ 1070 193.881 4d8 4d8 4d8
_ 1071 193.993 4d8 4d8 4d8
_ 1072 194.121 4d8 4d8 4d8
_ 1073 194.233 4d8 4d8 4d8
_ 1074 194.569 4d8 4d8 4d8
_ 1075 194.697 4d8 4d8 4d8
_ 1076 194.809 4d8 4d8 4d9
_ 1077 195.145 4d8 4d8 4d8
_ 1078 195.273 4d8 4d8 4d8
_ 1079 195.385 4d8 4d8 4d8
_ 1080 195.497 4d8 4d8 4d9
_ 1081 195.609 4d8 4d8 4d8
_ 1082 195.721 4d8 4d8 4d8
_ 1083 195.961 4d8 4d8 4d8
_ 1084 196.073 4d8 4d4 4d8
_ 1085 196.409 4d8 4d8 4d9
_ 1086 196.537 4d8 4d8 4d8
_ 1087 196.649 4d8 4d8 4d8
_ 1088 196.761 4d8 4d8 4d8
_ 1089 196.985 4d8 4d8 4d8
_ 1090 197.112 4d8 4d8 4d8
_ 1091 197.337 4d8 4d8 4d8
_ 1092 197.913 4d8 4d7 4d8
_ 1093 198.137 4d8 4d8 4d8
_ 1094 198.249 4d8 4d8 4d8
_ 1095 198.489 4d8 4d8 4d8
_ 1096 198.712 4d8 4d8 4d8
_ 1097 198.937 4d8 4d8 4d9
_ 1098 199.065 4d8 4d8 4d8
_ 1099 199.176 4d8 4d8 4d8
_ 1100 199.400 4d8 4d8 4d8
_ 1101 199.640 4d8 4d8 4d8
_ 1102 199.753 4d8 4d8 4d8
_ 1103 199.864 4d8 4d8 4d8
_ 1104 200.088 4d8 4d8 4d8
_ 1105 200.216 4d8 4d8 4d8
_ 1106 200.441 4d8 4d8 4d8
_ 1107 200.552 4d8 4d8 4d8
_ 1108 200.664 4d8 4d8 4d8
_ 1109 200.905 4d8 4d8 4d8
_ 1110 201.016 4d8 4d8 4d8
_ 1111 201.128 4d8 4d8 4d8
_ 1112 201.241 4d8 4d8 4d8
_ 1113 201.352 4d8 4d8 4d8
_ 1114 201.480 4d8 4d8 4d8
_ 1115 201.704 4d8 4d8 4d8
_ 1116 201.816 4d8 4d8 4d8
_ 1117 201.928 4d8 4d8 4d8
_ 1118 202.040 4d8 4d8 4d8
_ 1119 202.168 4d8 4d8 4d8
_ 1120 202.280 4d8 4d8 4d8
_ 1121 202.504 4d8 4d8 4d8
_ 1122 202.744 4d8 4d8 4d8
_ 1123 202.857 4d8 4d8 4d9
_ 1124 202.968 4d8 4d8 4d8
_ 1125 203.192 4d8 4d8 4d8
_ 1126 203.320 4d8 4d8 4d8
_ 1127 203.432 4d8 4d8 4d8
_ 1128 203.544 4d8 4d8 4d8
_ 1129 203.656 4d8 4d8 4d8
_ 1130 203.768 4d8 4d8 4d9
_ 1131 204.232 4d8 4d8 4d8
_ 1132 204.344 4d8 4d8 4d8
_ 1133 204.456 4d8 4d8 4d8
_ 1134 204.585 4d8 4d7 4d8
_ 1135 204.697 4d8 4d8 4d8
_ 1136 204.921 4d8 4d8 4d8
_ 1137 205.032 4d8 4d8 4d8
_ 1138 205.272 4d8 4d8 4d8
_ 1139 205.496 4d8 4d8 4d8
_ 1140 205.720 4d8 4d8 4d8
_ 1141 205.848 4d8 4d8 4d8
_ 1142 205.960 4d8 4d8 4d8
_ 1143 206.072 4d8 4d8 4d8
_ 1144 206.185 4d8 4d4 4d8
_ 1145 206.296 4d8 4d8 4d8
_ 1146 206.424 4d8 4d8 4d8
_ 1147 206.761 4d8 4d8 4d8
_ 1148 207.224 4d8 4d8 4d8
_ 1149 207.336 4d8 4d8 4d8
_ 1150 207.560 4d8 4d8 4d8
_ 1151 207.688 4d8 4d8 4d8
_ 1152 207.912 4d8 4d8 4d8
_ 1153 208.136 4d8 4d8 4d8
_ 1154 208.248 4d8 4d8 4d8
_ 1155 208.376 4d8 4d8 4d8
_ 1156 208.488 4d8 4d8 4d8
_ 1157 208.712 4d8 4d8 4d8
_ 1158 209.288 4d8 4d8 4d8
_ 1159 209.641 4d8 4d8 4d8
_ 1160 209.976 4d8 4d8 4d9
_ 1161 210.088 4d8 4d8 4d8
_ 1162 210.216 4d8 4d8 4d9
_ 1163 210.328 4d8 4d8 4d8
_ 1164 210.664 4d8 4d8 4d8
_ 1165 210.904 4d8 4d8 4d8
_ 1166 211.016 4d8 4d8 4d8
_ 1167 211.480 4d8 4d8 4d8
_ 1168 211.592 4d8 4d8 4d9
_ 1169 211.817 4d8 4d8 4d8
_ 1170 212.056 4d8 4d8 4d8
_ 1171 212.392 4d8 4d8 4d8
_ 1172 212.504 4d8 4d8 4d9
_ 1173 212.744 4d8 4d8 4d9
_ 1174 212.856 4d8 4d8 4d8
_ 1175 213.080 4d8 4d8 4d8
_ 1176 213.192 4d8 4d8 4d8
_ 1177 213.432 4d8 4d8 4d8
_ 1178 213.768 4d8 4d8 4d8
_ 1179 213.896 4d8 4d8 4d8
_ 1180 214.008 4d8 4d8 4d8
_ 1181 214.120 4d8 4d8 4d8
_ 1182 214.344 4d8 4d8 4d8
_ 1183 214.456 4d8 4d8 4d8
_ 1184 214.584 4d8 4d8 4d8
_ 1185 214.808 4d8 4d8 4d8
_ 1186 214.920 4d8 4d8 4d8
_ 1187 215.160 4d8 4d8 4d8
_ 1188 215.496 4d8 4d8 4d9
_ 1189 215.736 4d8 4d8 4d9
_ 1190 215.848 4d8 4d8 4d8
_ 1191 215.960 4d8 4d8 4d8
_ 1192 216.072 4d8 4d7 4d8
_ 1193 216.184 4d8 4d8 4d8
_ 1194 216.296 4d8 4d8 4d8
_ 1195 216.648 4d8 4d8 4d8
_ 1196 217.000 4d8 4d7 4d8
_ 1197 217.112 4d8 4d8 4d8
_ 1198 217.224 4d8 4d8 4d8
_ 1199 217.560 4d8 4d8 4d8
_ 1200 217.689 4d8 4d8 4d8
_ 1201 217.801 4d8 4d8 4d8
_ 1202 218.264 4d8 4d8 4d9
_ 1203 218.376 4d8 4d4 4d8
_ 1204 218.488 4d8 4d8 4d9
_ 1205 218.712 4d8 4d8 4d8
_ 1206 219.064 4d8 4d4 4d8
_ 1207 219.176 4d8 4d8 4d8
_ 1208 219.400 4d8 4d8 4d8
_ 1209 219.528 4d8 4d8 4d8
_ 1210 219.640 4d8 4d8 4d8
_ 1211 219.752 4d8 4d8 4d8
_ 1212 219.864 4d8 4d8 4d9
_ 1213 219.976 4d8 4d8 4d8
_ 1214 220.216 4d8 4d8 4d8
_ 1215 220.441 4d8 4d8 4d8
_ 1216 220.552 4d8 4d8 4d8
_ 1217 220.792 4d8 4d8 4d9
_ 1218 221.016 4d8 4d8 4d9
_ 1219 221.128 4d8 4d8 4d8
_ 1220 221.240 4d8 4d8 4d8
_ 1221 221.368 4d8 4d8 4d8
_ 1222 221.480 4d8 4d8 4d9
_ 1223 221.592 4d8 4d6 4d8
_ 1224 221.704 4d8 4d8 4d8
_ 1225 221.944 4d8 4d8 4d8
_ 1226 222.056 4d8 4d8 4d8
_ 1227 222.280 4d8 4d8 4d8
_ 1228 222.392 4d8 4d8 4d8
_ 1229 222.631 4d8 4d8 4d9
_ 1230 222.855 4d8 4d8 4d8
_ 1231 223.080 4d8 4d8 4d8
_ 1232 223.208 4d8 4d8 4d8
_ 1233 223.320 4d8 4d8 4d8
_ 1234 223.896 4d8 4d8 4d8
_ 1235 224.008 4d8 4d8 4d8
_ 1236 224.120 4d8 4d8 4d8
_ 1237 224.472 4d8 4d8 4d8
_ 1238 224.583 4d8 4d8 4d8
_ 1239 224.807 4d8 4d8 4d8
_ 1240 224.920 4d8 4d8 4d8
_ 1241 225.160 4d8 4d8 4d8
_ 1242 225.384 4d8 4d8 4d8
_ 1243 225.495 4d8 4d7 4d8
_ 1244 225.847 4d8 4d8 4d8
_ 1245 226.072 4d8 4d8 4d9
_ 1246 226.183 4d8 4d8 4d8
_ 1247 226.311 4d8 4d8 4d8
_ 1248 226.423 4d8 4d8 4d8
_ 1249 226.648 4d8 4d8 4d8
_ 1250 226.999 4d8 4d8 4d8
_ 1251 227.112 4d8 4d8 4d8
_ 1252 227.335 4d8 4d8 4d8
_ 1253 227.447 4d8 4d8 4d8
_ 1254 228.024 4d8 4d8 4d8
_ 1255 228.152 4d8 4d8 4d8
_ 1256 228.376 4d8 4d8 4d8
_ 1257 228.487 4d8 4d8 4d8
_ 1258 228.839 4d8 4d8 4d8
_ 1259 229.415 4d8 4d8 4d8
_ 1260 229.639 4d8 4d8 4d8
_ 1261 229.752 4d8 4d8 4d8
_ 1262 229.863 4d8 4d8 4d8
_ 1263 229.991 4d8 4d8 4d8
_ 1264 230.104 4d8 4d8 4d8
_ 1265 230.216 4d8 4d8 4d8
_ 1266 230.327 4d8 4d8 4d8
_ 1267 230.440 4d8 4d8 4d8
_ 1268 230.679 4d8 4d8 4d8
_ 1269 230.792 4d8 4d8 4d8
_ 1270 230.903 4d8 4d8 4d8
_ 1271 231.015 4d8 4d7 4d8
_ 1272 231.127 4d8 4d8 4d8
_ 1273 231.255 4d8 4d8 4d8
_ 1274 231.367 4d8 4d8 4d8
_ 1275 231.591 4d8 4d8 4d8
_ 1276 231.703 4d8 4d8 4d8
_ 1277 231.815 4d8 4d8 4d9
_ 1278 231.944 4d8 4d7 4d8
_ 1279 232.055 4d8 4d8 4d8
_ 1280 232.167 4d8 4d8 4d8
_ 1281 232.392 4d8 4d7 4d8
_ 1282 232.743 4d8 4d8 4d8
_ 1283 232.856 4d8 4d7 4d8
_ 1284 233.095 4d8 4d8 4d8
_ 1285 233.207 4d8 4d8 4d8
_ 1286 233.319 4d8 4d8 4d8
_ 1287 233.431 4d8 4d8 4d9
_ 1288 233.543 4d8 4d7 4d8
_ 1289 233.895 4d8 4d8 4d8
_ 1290 234.007 4d8 4d8 4d8
_ 1291 234.119 4d8 4d8 4d8
_ 1292 234.359 4d8 4d8 4d9
_ 1293 234.471 4d8 4d8 4d8
_ 1294 234.695 4d8 4d7 4d8
_ 1295 235.047 4d8 4d8 4d8
_ 1296 235.383 4d8 4d8 4d8
_ 1297 235.496 4d8 4d8 4d9
_ 1298 235.624 4d8 4d8 4d8
_ 1299 235.735 4d8 4d8 4d8
_ 1300 235.959 4d8 4d8 4d8
_ 1301 236.199 4d8 4d8 4d8
_ 1302 236.423 4d8 4d8 4d9
_ 1303 236.535 4d8 4d7 4d8
_ 1304 236.760 4d8 4d8 4d8
_ 1305 236.887 4d8 4d8 4d8
_ 1306 236.999 4d8 4d8 4d8
_ 1307 237.112 4d8 4d8 4d8
_ 1308 237.223 4d8 4d8 4d8
_ 1309 237.336 4d8 4d8 4d9
_ 1310 237.463 4d8 4d8 4d8
_ 1311 237.688 4d8 4d7 4d8
_ 1312 237.912 4d8 4d8 4d8
_ 1313 238.151 4d8 4d7 4d8
_ 1314 238.727 4d8 4d8 4d9
_ 1315 238.952 4d8 4d8 4d8
_ 1316 239.064 4d8 4d8 4d8
_ 1317 239.175 4d8 4d8 4d8
_ 1318 239.303 4d8 4d8 4d8
_ 1319 239.751 4d8 4d8 4d8
_ 1320 239.863 4d8 4d8 4d8
_ 1321 239.992 4d8 4d7 4d8
_ 1322 240.103 4d8 4d8 4d8
_ 1323 240.216 4d8 4d7 4d8
_ 1324 240.439 4d8 4d7 4d8
_ 1325 240.791 4d8 4d8 4d8
_ 1326 241.015 4d8 4d8 4d8
_ 1327 241.143 4d8 4d8 4d8
_ 1328 241.255 4d8 4d8 4d8
_ 1329 241.367 4d8 4d8 4d8
_ 1330 241.479 4d8 4d8 4d8
_ 1331 241.831 4d8 4d8 4d8
_ 1332 242.168 4d8 4d8 4d8
_ 1333 242.279 4d8 4d8 4d8
_ 1334 242.407 4d8 4d8 4d8
_ 1335 242.519 4d8 4d8 4d8
_ 1336 242.856 4d8 4d8 4d8
_ 1337 242.967 4d8 4d8 4d8
_ 1338 243.095 4d8 4d8 4d8
_ 1339 243.207 4d8 4d7 4d8
_ 1340 243.319 4d8 4d8 4d9
_ 1341 243.431 4d8 4d8 4d8
_ 1342 243.672 4d8 4d8 4d8
_ 1343 243.895 4d8 4d4 4d8
_ 1344 244.359 4d8 4d8 4d8
_ 1345 244.471 4d8 4d8 4d8
_ 1346 244.583 4d8 4d8 4d8
_ 1347 244.695 4d8 4d8 4d8
_ 1348 244.807 4d8 4d7 4d8
_ 1349 245.047 4d8 4d4 4d8
_ 1350 245.511 4d8 4d8 4d8
_ 1351 245.623 4d8 4d8 4d9
_ 1352 245.847 4d8 4d8 4d8
_ 1353 245.959 4d8 4d8 4d8
_ 1354 246.071 4d8 4d8 4d8
_ 1355 246.199 4d8 4d8 4d8
_ 1356 246.535 4d8 4d8 4d9
_ 1357 246.647 4d8 4d8 4d8
_ 1358 246.775 4d8 4d8 4d8
_ 1359 246.887 4d8 4d8 4d8
_ 1360 247.223 4d8 4d8 4d8
_ 1361 247.799 4d8 4d8 4d8
_ 1362 247.910 4d8 4d8 4d8
_ 1363 248.151 4d8 4d8 4d8
_ 1364 248.263 4d8 4d8 4d8
_ 1365 248.487 4d8 4d8 4d8
_ 1366 248.615 4d8 4d8 4d9
_ 1367 248.727 4d8 4d4 4d8
_ 1368 248.839 4d8 4d8 4d8
_ 1369 248.951 4d8 4d8 4d8
_ 1370 249.174 4d8 4d8 4d8
_ 1371 249.303 4d8 4d8 4d8
_ 1372 249.639 4d8 4d8 4d8
_ 1373 249.879 4d8 4d8 4d8
