_ 0 0.176 076 075 076
_ 1 0.511 076 076 076
_ 2 0.975 076 076 076
_ 3 1.199 076 075 076
_ 4 1.439 076 076 076
_ 5 1.551 076 076 076
_ 6 1.775 076 076 076
_ 7 2.127 076 076 076
_ 8 2.239 076 075 076
_ 9 2.703 076 076 076
_ 10 2.927 076 076 076
_ 11 3.039 076 076 076
_ 12 3.279 076 076 076
_ 13 3.391 076 076 076
_ 14 3.503 076 076 076
_ 15 3.615 076 076 076
_ 16 3.727 076 076 076
_ 17 3.855 076 076 076
_ 18 4.079 076 075 076
_ 19 4.191 076 076 076
_ 20 4.303 076 075 076
_ 21 4.543 076 076 076
_ 22 4.879 076 076 076
_ 23 5.007 076 075 076
_ 24 5.119 076 076 076
_ 25 5.344 076 076 076
_ 26 5.566 076 076 076
_ 27 5.695 076 076 076
_ 28 5.806 076 072 076
_ 29 5.919 076 072 076
_ 30 6.271 076 075 076
_ 31 6.383 076 076 076
_ 32 6.494 076 076 076
_ 33 6.607 076 075 076
_ 34 6.718 076 076 076
_ 35 7.070 076 076 076
_ 36 7.182 076 076 076
_ 37 7.406 076 076 076
_ 38 7.534 076 076 076
_ 39 7.646 076 076 076
_ 40 7.983 076 076 076
_ 41 8.222 076 075 076
_ 42 8.559 076 076 076
_ 43 9.022 076 076 076
_ 44 9.135 076 076 076
_ 45 9.247 076 076 076
_ 46 9.486 076 076 076
_ 47 9.598 076 076 076
_ 48 9.950 076 075 076
_ 49 10.286 076 072 076
_ 50 10.398 076 075 076
_ 51 10.638 076 076 076
_ 52 10.751 076 076 076
_ 53 11.326 076 076 076
_ 54 11.550 076 072 076
_ 55 11.663 076 076 076
_ 56 12.126 076 076 076
_ 57 12.478 076 072 076
_ 58 12.702 076 076 076
_ 59 12.814 076 076 076
_ 60 12.926 076 076 076
_ 61 13.167 076 076 076
_ 62 13.502 076 076 076
_ 63 13.614 076 075 076
_ 64 14.078 076 076 076
_ 65 14.191 076 076 076
_ 66 14.430 076 076 076
_ 67 14.542 076 076 076
_ 68 14.766 076 076 076
_ 69 14.878 076 076 076
_ 70 15.342 076 076 076
_ 71 15.455 076 075 076
_ 72 15.583 076 076 076
_ 73 16.158 076 076 076
_ 74 16.271 076 076 076
_ 75 16.495 076 076 076
_ 76 16.719 076 076 076
_ 77 16.958 076 076 076
_ 78 17.071 076 076 076
_ 79 17.182 076 076 076
_ 80 17.294 076 076 076
_ 81 17.423 076 076 076
_ 82 17.534 076 076 076
_ 83 17.646 076 076 076
_ 84 17.759 076 076 076
_ 85 17.871 076 076 076
_ 86 18.222 076 076 076
_ 87 18.446 076 076 076
_ 88 18.687 076 076 076
_ 89 18.798 076 076 076
_ 90 18.911 076 075 076
_ 91 19.023 076 076 076
_ 92 19.134 076 076 076
_ 93 19.262 076 076 076
_ 94 19.374 076 076 076
_ 95 19.487 076 076 076
_ 96 19.710 076 076 076
_ 97 19.822 076 076 076
_ 98 19.951 076 076 076
_ 99 20.062 076 075 076
_ 100 20.175 076 076 076
_ 101 20.398 076 076 076
_ 102 20.639 076 076 076
_ 103 21.086 076 075 076
_ 104 21.214 076 076 076
_ 105 21.326 076 076 076
_ 106 21.438 076 076 076
_ 107 21.662 076 076 076
_ 108 21.791 076 076 076
_ 109 21.903 076 076 076
_ 110 22.126 076 076 076
_ 111 22.478 076 076 076
_ 112 23.167 076 076 076
_ 113 23.278 076 076 076
_ 114 23.391 076 076 076
_ 115 23.966 076 072 076
_ 116 24.078 076 076 076
_ 117 24.191 076 076 076
_ 118 24.430 076 075 076
_ 119 24.542 076 076 076
_ 120 24.654 076 072 076
_ 121 24.894 076 075 076
_ 122 25.118 076 076 076
_ 123 25.230 076 076 076
_ 124 25.343 076 076 076
_ 125 25.470 076 076 076
_ 126 25.582 076 076 076
_ 127 25.806 076 076 076
_ 128 26.030 076 076 076
_ 129 26.158 076 075 076
_ 130 26.270 076 076 076
_ 131 26.382 076 072 076
_ 132 26.494 076 076 076
_ 133 26.607 076 076 076
_ 134 26.733 076 076 076
_ 135 26.846 076 075 076
_ 136 26.958 076 076 076
_ 137 27.070 076 076 076
_ 138 27.534 076 076 076
_ 139 27.646 076 076 076
_ 140 27.758 076 076 076
_ 141 27.870 076 075 076
_ 142 28.110 076 075 076
_ 143 28.446 076 072 076
_ 144 28.798 076 076 076
_ 145 28.910 076 076 076
_ 146 29.134 076 076 076
_ 147 29.598 076 076 076
_ 148 29.838 076 076 076
_ 149 29.950 076 076 076
_ 150 30.286 076 076 076
_ 151 30.413 076 076 076
_ 152 30.526 076 076 076
_ 153 30.974 076 076 076
_ 154 31.102 076 076 076
_ 155 31.214 076 076 076
_ 156 31.326 076 075 076
_ 157 31.438 076 076 076
_ 158 31.550 076 076 076
_ 159 31.902 076 076 076
_ 160 32.478 076 076 076
_ 161 32.590 076 076 076
_ 162 32.702 076 076 076
_ 163 32.942 076 075 076
_ 164 33.277 076 072 076
_ 165 33.390 076 072 076
_ 166 33.517 076 072 076
_ 167 33.630 076 075 076
_ 168 33.966 076 076 076
_ 169 34.077 076 076 076
_ 170 34.205 076 076 076
_ 171 34.430 076 076 076
_ 172 34.541 076 076 076
_ 173 34.781 076 076 076
_ 174 34.893 076 076 076
_ 175 35.117 076 075 076
_ 176 35.341 076 076 076
_ 177 35.470 076 076 076
_ 178 35.693 076 076 076
_ 179 35.805 076 076 076
_ 180 35.917 076 075 076
_ 181 36.157 076 076 076
_ 182 36.270 076 075 076
_ 183 36.381 076 076 076
_ 184 36.621 076 076 076
_ 185 36.845 076 076 076
_ 186 37.069 076 076 076
_ 187 37.181 076 076 076
_ 188 37.310 076 076 076
_ 189 37.533 076 076 076
_ 190 37.645 076 075 076
_ 191 37.757 076 076 076
_ 192 37.886 076 076 076
_ 193 38.110 076 076 076
_ 194 38.333 076 072 076
_ 195 38.445 076 076 076
_ 196 38.573 076 075 076
_ 197 38.685 076 076 076
_ 198 38.910 076 072 076
_ 199 39.149 076 076 076
_ 200 39.261 076 076 076
_ 201 39.373 076 076 076
_ 202 39.485 076 076 076
_ 203 39.597 076 076 076
_ 204 39.949 076 072 076
_ 205 40.525 076 076 076
_ 206 40.749 076 076 076
_ 207 41.213 076 076 076
_ 208 41.325 076 076 076
_ 209 41.437 076 075 076
_ 210 41.549 076 076 076
_ 211 41.677 076 076 076
_ 212 41.789 076 076 076
_ 213 42.014 076 076 076
_ 214 42.125 076 076 076
_ 215 42.365 076 076 076
_ 216 42.589 076 076 076
_ 217 42.701 076 076 076
_ 218 42.829 076 076 076
_ 219 42.941 076 076 076
_ 220 43.053 076 076 076
_ 221 43.517 076 076 076
_ 222 43.629 076 076 076
_ 223 43.741 076 076 076
_ 224 43.853 076 076 076
_ 225 43.966 076 076 076
_ 226 44.093 076 076 076
_ 227 44.317 076 076 076
_ 228 44.653 076 076 076
_ 229 45.005 076 076 076
_ 230 45.357 076 075 076
_ 231 45.469 076 076 076
_ 232 45.694 076 076 076
_ 233 46.045 076 075 076
_ 234 46.269 076 076 076
_ 235 46.381 076 076 076
_ 236 46.493 076 072 076
_ 237 46.733 076 075 076
_ 238 46.845 076 075 076
_ 239 46.957 076 076 076
_ 240 47.069 076 075 076
_ 241 47.198 076 072 076
_ 242 47.421 076 075 076
_ 243 47.533 076 075 076
_ 244 47.885 076 076 076
_ 245 47.997 076 076 076
_ 246 48.461 076 076 076
_ 247 48.573 076 076 076
_ 248 48.685 076 076 076
_ 249 48.797 076 076 076
_ 250 49.149 076 076 076
_ 251 49.261 076 075 076
_ 252 49.373 076 076 076
_ 253 49.485 076 075 076
_ 254 49.597 076 072 076
_ 255 49.725 076 075 076
_ 256 50.061 076 075 076
_ 257 50.301 076 072 076
_ 258 50.413 076 076 076
_ 259 50.525 076 075 076
_ 260 50.749 076 076 076
_ 261 50.989 076 076 076
_ 262 51.101 076 076 076
_ 263 51.213 076 076 076
_ 264 51.325 076 072 076
_ 265 51.437 076 075 076
_ 266 51.565 076 072 076
_ 267 51.789 076 076 076
_ 268 51.901 076 072 076
_ 269 52.013 076 072 076
_ 270 52.365 076 075 076
_ 271 52.700 076 076 076
_ 272 52.941 076 076 076
_ 273 53.277 076 075 076
_ 274 53.405 076 076 076
_ 275 53.629 076 075 076
_ 276 53.741 076 076 076
_ 277 53.853 076 072 076
_ 278 54.317 076 076 076
_ 279 54.541 076 076 076
_ 280 55.005 076 076 076
_ 281 55.117 076 076 076
_ 282 55.245 076 076 076
_ 283 55.357 076 076 076
_ 284 55.581 076 075 076
_ 285 56.045 076 076 076
_ 286 56.157 076 072 076
_ 287 56.509 076 076 076
_ 288 56.621 076 076 076
_ 289 56.733 076 076 076
_ 290 56.845 076 076 076
_ 291 56.957 076 076 076
_ 292 57.197 076 076 076
_ 293 57.421 076 075 076
_ 294 57.645 076 076 076
_ 295 57.773 076 075 076
_ 296 58.109 076 076 076
_ 297 58.221 076 076 076
_ 298 58.349 076 072 076
_ 299 58.573 076 076 076
_ 300 58.685 076 076 076
_ 301 59.149 076 076 076
_ 302 59.262 076 076 076
_ 303 59.485 076 076 076
_ 304 59.613 076 075 076
_ 305 59.837 076 076 076
_ 306 59.949 076 076 076
_ 307 60.300 076 076 076
_ 308 60.413 076 076 076
_ 309 60.525 076 076 076
_ 310 60.637 076 076 076
_ 311 60.749 076 076 076
_ 312 60.877 076 076 076
_ 313 60.989 076 076 076
_ 314 61.213 076 076 076
_ 315 61.325 076 076 076
_ 316 61.453 076 075 076
_ 317 61.564 076 072 076
_ 318 61.676 076 076 076
_ 319 61.789 076 076 076
_ 320 62.141 076 075 076
_ 321 62.476 076 076 076
_ 322 62.588 076 076 076
_ 323 62.716 076 076 076
_ 324 62.828 076 076 076
_ 325 63.052 076 076 076
_ 326 63.164 076 076 076
_ 327 63.292 076 076 076
_ 328 63.517 076 075 076
_ 329 63.628 076 075 076
_ 330 63.853 076 075 076
_ 331 64.557 076 076 076
_ 332 64.668 076 076 076
_ 333 64.781 076 075 076
_ 334 64.893 076 076 076
_ 335 65.005 076 076 076
_ 336 65.117 076 076 076
_ 337 65.357 076 076 076
_ 338 65.468 076 076 076
_ 339 65.692 076 076 076
_ 340 65.821 076 076 076
_ 341 65.933 076 072 076
_ 342 66.044 076 075 076
_ 343 66.268 076 076 076
_ 344 66.396 076 076 076
_ 345 66.621 076 076 076
_ 346 66.732 076 076 076
_ 347 66.956 076 075 076
_ 348 67.196 076 072 076
_ 349 67.308 076 076 076
_ 350 67.421 076 076 076
_ 351 67.532 076 075 076
_ 352 67.773 076 075 076
_ 353 67.884 076 076 076
_ 354 68.220 076 076 076
_ 355 68.348 076 076 076
_ 356 68.461 076 076 076
_ 357 68.573 076 072 076
_ 358 68.684 076 074 076
_ 359 68.796 076 075 076
_ 360 68.924 076 076 076
_ 361 69.149 076 076 076
_ 362 69.500 076 076 076
_ 363 69.836 076 076 076
_ 364 70.060 076 076 076
_ 365 70.188 076 076 076
_ 366 70.301 076 076 076
_ 367 70.412 076 076 076
_ 368 71.100 076 076 076
_ 369 71.325 06f 075 076
_ 370 71.564 076 076 076
_ 371 71.788 076 075 076
_ 372 71.900 076 075 076
_ 373 72.028 076 075 076
_ 374 72.140 076 076 076
_ 375 72.253 076 075 076
_ 376 72.364 076 072 076
_ 377 72.477 076 076 076
_ 378 72.604 076 075 076
_ 379 72.716 076 076 076
_ 380 72.829 076 075 076
_ 381 72.940 076 075 076
_ 382 73.052 076 075 076
_ 383 73.293 076 076 076
_ 384 73.404 076 076 076
_ 385 73.516 076 076 076
_ 386 73.868 076 072 076
_ 387 74.092 076 076 076
_ 388 74.204 076 076 076
_ 389 74.316 076 075 076
_ 390 74.428 076 072 076
_ 391 74.556 076 075 076
_ 392 75.244 076 075 076
_ 393 75.356 076 076 076
_ 394 75.580 076 075 076
_ 395 75.708 076 075 076
_ 396 75.820 076 076 076
_ 397 76.508 076 076 076
_ 398 76.620 076 072 076
_ 399 76.732 076 076 076
_ 400 76.844 076 076 076
_ 401 76.972 076 076 076
_ 402 77.196 076 076 076
_ 403 77.420 076 076 076
_ 404 77.532 076 076 076
_ 405 77.660 076 075 076
_ 406 77.996 076 075 076
_ 407 78.236 076 076 076
_ 408 78.348 076 076 076
_ 409 78.460 076 076 076
_ 410 78.572 076 075 076
_ 411 78.812 076 076 076
_ 412 78.924 076 076 076
_ 413 79.036 076 076 076
_ 414 79.148 076 076 076
_ 415 79.500 076 075 076
_ 416 79.836 076 076 076
_ 417 79.948 076 076 076
_ 418 80.188 076 072 076
_ 419 80.300 076 076 076
_ 420 80.412 076 076 076
_ 421 80.636 076 075 076
_ 422 80.764 076 075 076
_ 423 80.876 076 074 076
_ 424 80.988 06f 075 076
_ 425 81.452 076 076 076
_ 426 81.915 076 072 076
_ 427 82.028 076 075 076
_ 428 82.252 076 075 076
_ 429 82.364 076 076 076
_ 430 82.604 06f 075 076
_ 431 83.292 076 072 076
_ 432 83.404 076 076 076
_ 433 83.516 076 075 076
_ 434 83.756 076 076 076
_ 435 83.868 076 076 076
_ 436 83.980 076 075 076
_ 437 84.092 076 076 076
_ 438 84.204 076 076 076
_ 439 84.317 076 076 076
_ 440 84.444 076 076 076
_ 441 84.556 076 076 076
_ 442 84.668 076 076 076
_ 443 85.019 076 076 076
_ 444 85.356 076 076 076
_ 445 85.820 076 076 076
_ 446 85.932 076 076 076
_ 447 86.156 076 075 076
_ 448 86.284 076 076 076
_ 449 86.620 076 076 076
_ 450 86.732 076 076 076
_ 451 86.972 076 076 076
_ 452 87.308 076 076 076
_ 453 87.772 076 076 076
_ 454 87.884 076 076 076
_ 455 88.124 076 075 076
_ 456 88.348 076 075 076
_ 457 88.459 076 075 076
_ 458 88.812 076 075 076
_ 459 88.924 076 076 076
_ 460 89.500 076 076 076
_ 461 89.835 076 075 076
_ 462 90.075 076 076 076
_ 463 90.187 076 076 076
_ 464 90.300 076 076 076
_ 465 90.651 076 075 076
_ 466 90.875 076 075 076
_ 467 90.987 076 075 076
_ 468 91.227 076 075 076
_ 469 91.340 076 076 076
_ 470 91.451 076 075 076
_ 471 91.675 076 076 076
_ 472 91.915 076 076 076
_ 473 92.028 076 076 076
_ 474 92.140 076 076 076
_ 475 92.252 076 076 076
_ 476 92.363 076 076 076
_ 477 92.603 076 075 076
_ 478 92.828 076 072 076
_ 479 93.067 076 075 076
_ 480 93.291 076 076 076
_ 481 93.515 076 075 076
_ 482 93.756 06f 075 076
_ 483 93.868 076 076 076
_ 484 94.091 076 072 076
_ 485 94.203 076 076 076
_ 486 94.443 076 076 076
_ 487 94.556 076 075 076
_ 488 94.892 076 075 076
_ 489 95.020 076 076 076
_ 490 95.467 076 076 076
_ 491 95.595 076 076 076
_ 492 95.931 076 076 076
_ 493 96.171 076 076 076
_ 494 96.283 076 076 076
_ 495 96.395 076 076 076
_ 496 96.619 076 076 076
_ 497 96.731 076 076 076
_ 498 97.308 076 075 076
_ 499 97.547 076 076 076
_ 500 97.772 076 076 076
_ 501 97.883 076 076 076
_ 502 97.995 076 076 076
_ 503 98.235 076 076 076
_ 504 98.347 076 076 076
_ 505 98.460 076 076 076
_ 506 98.700 076 075 076
_ 507 98.923 076 076 076
_ 508 99.147 076 076 076
_ 509 99.275 076 076 076
_ 510 99.500 076 076 076
_ 511 99.723 076 076 076
_ 512 99.835 076 075 076
_ 513 99.963 076 076 076
_ 514 100.075 076 075 076
_ 515 100.299 076 076 076
_ 516 100.875 076 076 076
_ 517 100.988 076 076 076
_ 518 101.099 076 076 076
_ 519 101.339 076 075 076
_ 520 101.563 076 076 076
_ 521 101.675 076 076 076
_ 522 101.804 076 076 076
_ 523 101.915 076 076 076
_ 524 102.027 076 076 076
_ 525 102.251 06f 075 076
_ 526 102.379 076 075 076
_ 527 102.604 076 076 076
_ 528 102.715 076 076 076
_ 529 102.827 076 076 076
_ 530 102.940 076 076 076
_ 531 103.068 076 076 076
_ 532 103.403 076 075 076
_ 533 103.515 076 075 076
_ 534 103.643 076 076 076
_ 535 103.755 076 076 076
_ 536 103.867 076 072 076
_ 537 103.979 076 076 076
_ 538 104.091 076 076 076
_ 539 104.203 076 076 076
_ 540 104.331 076 076 076
_ 541 104.443 076 075 076
_ 542 104.555 076 075 076
_ 543 104.779 076 076 076
_ 544 104.907 076 076 076
_ 545 105.131 076 076 076
_ 546 105.243 076 076 076
_ 547 105.483 076 076 076
_ 548 105.595 076 072 076
_ 549 105.707 076 076 076
_ 550 105.819 076 076 076
_ 551 106.043 076 076 076
_ 552 106.171 076 076 076
_ 553 106.283 076 076 076
_ 554 106.395 076 076 076
_ 555 106.507 076 076 076
_ 556 106.619 076 076 076
_ 557 106.747 076 075 076
_ 558 106.859 076 076 076
_ 559 106.971 076 076 076
_ 560 107.083 076 076 076
_ 561 107.195 076 076 076
_ 562 107.307 075 075 076
_ 563 107.547 076 076 076
_ 564 107.772 06f 075 076
_ 565 107.883 076 076 076
_ 566 108.011 076 072 076
_ 567 108.459 076 076 076
_ 568 108.587 076 075 076
_ 569 108.699 076 075 076
_ 570 108.811 076 076 076
_ 571 108.923 076 076 076
_ 572 109.147 076 076 076
_ 573 109.722 076 075 076
_ 574 109.963 076 075 076
_ 575 110.427 076 072 076
_ 576 110.763 076 076 076
_ 577 110.987 076 076 076
_ 578 111.115 076 076 076
_ 579 111.227 076 076 076
_ 580 111.339 06f 075 076
_ 581 111.451 076 076 076
_ 582 111.563 076 076 076
_ 583 111.691 076 076 076
_ 584 111.803 076 076 076
_ 585 111.915 076 076 076
_ 586 112.139 076 076 076
_ 587 112.250 076 075 076
_ 588 112.491 076 076 076
_ 589 112.604 06f 075 076
_ 590 113.179 076 075 076
_ 591 113.291 076 075 076
_ 592 113.403 076 075 076
_ 593 113.643 076 075 076
_ 594 113.755 076 076 076
_ 595 113.979 076 076 076
_ 596 114.091 076 076 076
_ 597 114.219 076 076 076
_ 598 114.331 076 075 076
_ 599 114.443 076 076 076
_ 600 114.555 076 075 076
_ 601 114.667 076 076 076
_ 602 114.795 076 076 076
_ 603 115.019 076 076 076
_ 604 115.243 076 076 076
_ 605 115.355 076 075 076
_ 606 115.483 076 075 076
_ 607 115.595 076 076 076
_ 608 115.819 076 075 076
_ 609 115.931 076 076 076
_ 610 116.059 06f 075 076
_ 611 116.171 075 075 076
_ 612 116.283 076 076 076
_ 613 116.394 076 072 076
_ 614 116.507 076 076 076
_ 615 116.635 076 076 076
_ 616 116.970 076 076 076
_ 617 117.083 076 075 076
_ 618 117.194 076 076 076
_ 619 117.770 076 076 076
_ 620 117.898 075 075 076
_ 621 118.234 076 072 076
_ 622 118.458 076 075 076
_ 623 118.586 076 075 076
_ 624 118.699 076 076 076
_ 625 118.810 076 075 076
_ 626 118.922 076 075 076
_ 627 119.035 076 076 076
_ 628 119.162 076 072 076
_ 629 119.275 076 075 076
_ 630 119.610 076 072 076
_ 631 119.850 076 076 076
_ 632 119.962 076 076 076
_ 633 120.075 076 076 076
_ 634 120.187 076 076 076
_ 635 120.426 076 076 076
_ 636 120.874 076 076 076
_ 637 121.002 076 075 076
_ 638 121.339 076 075 076
_ 639 121.450 076 076 076
_ 640 121.562 076 076 076
_ 641 121.690 076 075 076
_ 642 121.914 076 075 076
_ 643 122.026 076 075 076
_ 644 122.266 076 075 076
_ 645 122.378 076 076 076
_ 646 122.490 076 075 076
_ 647 122.603 076 076 076
_ 648 122.714 076 076 076
_ 649 122.842 076 072 076
_ 650 122.954 076 076 076
_ 651 123.178 076 075 076
_ 652 123.530 076 076 076
_ 653 123.754 076 075 076
_ 654 123.867 076 076 076
_ 655 124.106 076 076 076
_ 656 124.330 076 076 076
_ 657 124.554 076 075 076
_ 658 124.666 076 075 076
_ 659 124.794 076 076 076
_ 660 125.019 076 076 076
_ 661 125.242 076 076 076
_ 662 125.370 076 076 076
_ 663 125.482 076 076 076
_ 664 125.594 076 076 076
_ 665 125.946 076 076 076
_ 666 126.058 076 076 076
_ 667 126.170 076 076 076
_ 668 126.282 076 076 076
_ 669 126.394 076 076 076
_ 670 126.506 076 076 076
_ 671 126.858 076 076 076
_ 672 126.970 076 076 076
_ 673 127.322 076 076 076
_ 674 127.770 076 076 076
_ 675 127.899 076 076 076
_ 676 128.010 076 075 076
_ 677 128.234 076 072 076
_ 678 128.346 076 075 076
_ 679 128.474 06f 075 076
_ 680 128.810 076 076 076
_ 681 128.922 06f 075 076
_ 682 129.050 076 075 076
_ 683 129.274 076 075 076
_ 684 129.386 076 075 076
_ 685 129.610 076 076 076
_ 686 129.850 076 072 076
_ 687 130.186 076 076 076
_ 688 130.314 076 076 076
_ 689 130.427 076 076 076
_ 690 130.762 076 076 076
_ 691 130.875 076 076 076
_ 692 131.114 076 076 076
_ 693 131.226 076 076 076
_ 694 131.338 076 075 076
_ 695 131.450 076 076 076
_ 696 131.578 076 076 076
_ 697 131.802 076 076 076
_ 698 132.026 076 076 076
_ 699 132.378 076 076 076
_ 700 132.490 076 076 076
_ 701 132.602 076 074 076
_ 702 132.714 076 076 076
_ 703 132.842 076 076 076
_ 704 132.954 075 075 076
_ 705 133.066 076 076 076
_ 706 133.178 076 076 076
_ 707 133.418 076 076 076
_ 708 133.642 076 076 076
_ 709 133.754 076 076 076
_ 710 133.867 076 076 076
_ 711 134.218 076 072 076
_ 712 134.442 06f 075 076
_ 713 134.554 076 076 076
_ 714 134.683 076 072 076
_ 715 134.795 076 076 076
_ 716 134.906 076 076 076
_ 717 135.130 076 075 076
_ 718 135.258 076 075 076
_ 719 135.370 076 075 076
_ 720 135.594 076 076 076
_ 721 135.706 076 076 076
_ 722 135.946 076 075 076
_ 723 136.058 076 076 076
_ 724 136.170 076 076 076
_ 725 136.282 076 075 076
_ 726 136.522 076 076 076
_ 727 136.746 076 075 076
_ 728 136.858 076 076 076
_ 729 137.210 076 076 076
_ 730 137.322 076 076 076
_ 731 137.434 076 075 076
_ 732 138.010 076 072 076
_ 733 138.474 076 076 076
_ 734 138.697 076 076 076
_ 735 138.810 076 076 076
_ 736 138.922 076 075 076
_ 737 139.162 076 075 076
_ 738 139.274 076 075 076
_ 739 139.386 076 076 076
_ 740 139.498 076 076 076
_ 741 139.626 076 076 076
_ 742 139.737 076 076 076
_ 743 139.850 076 075 076
_ 744 140.074 076 076 076
_ 745 140.186 076 076 076
_ 746 140.314 076 076 076
_ 747 140.426 076 076 076
_ 748 140.538 076 076 076
_ 749 140.650 076 076 076
_ 750 140.762 076 076 076
_ 751 140.890 076 075 076
_ 752 141.002 076 076 076
_ 753 141.114 076 076 076
_ 754 141.466 076 076 076
_ 755 142.154 076 076 076
_ 756 142.378 076 072 076
_ 757 142.602 076 074 076
_ 758 142.842 076 072 076
_ 759 142.954 076 076 076
_ 760 143.066 076 076 076
_ 761 143.530 076 075 076
_ 762 143.642 076 075 076
_ 763 143.753 076 076 076
_ 764 143.993 076 076 076
_ 765 144.569 076 076 076
_ 766 144.681 076 076 076
_ 767 144.905 076 076 076
_ 768 145.018 076 075 076
_ 769 145.257 076 075 076
_ 770 145.369 076 076 076
_ 771 145.594 076 075 076
_ 772 145.705 076 075 076
_ 773 145.834 076 072 076
_ 774 145.946 076 075 076
_ 775 146.281 076 076 076
_ 776 146.521 076 076 076
_ 777 146.858 076 076 076
_ 778 146.969 076 075 076
_ 779 147.098 076 076 076
_ 780 147.210 076 076 076
_ 781 147.322 075 075 076
_ 782 147.545 076 072 076
_ 783 148.010 073 075 076
_ 784 148.361 076 076 076
_ 785 148.473 076 076 076
_ 786 148.698 076 076 076
_ 787 148.938 076 072 076
_ 788 149.273 076 076 076
_ 789 149.498 076 076 076
_ 790 149.625 076 075 076
_ 791 149.962 076 076 076
_ 792 150.202 076 075 076
_ 793 150.313 076 076 076
_ 794 150.538 076 072 076
_ 795 150.649 076 076 076
_ 796 150.889 076 072 076
_ 797 151.002 076 072 076
_ 798 151.225 06f 075 076
_ 799 151.338 076 076 076
_ 800 151.578 06f 075 076
_ 801 151.689 076 075 076
_ 802 151.801 076 075 076
_ 803 151.913 076 076 076
_ 804 152.153 076 072 076
_ 805 152.265 076 076 076
_ 806 152.378 076 075 076
_ 807 152.489 076 076 076
_ 808 152.841 076 076 076
_ 809 152.953 076 076 076
_ 810 153.178 076 072 076
_ 811 153.305 076 075 076
_ 812 153.418 076 076 076
_ 813 153.530 076 075 076
_ 814 153.642 076 076 076
_ 815 153.753 076 076 076
_ 816 153.881 076 076 076
_ 817 153.993 076 075 076
_ 818 154.105 076 076 076
_ 819 154.218 076 075 076
_ 820 154.329 076 075 076
_ 821 154.441 076 075 076
_ 822 154.682 076 075 076
_ 823 154.793 076 075 076
_ 824 154.905 076 075 076
_ 825 155.018 076 075 076
_ 826 155.145 076 075 076
_ 827 155.257 076 075 076
_ 828 155.369 076 076 076
_ 829 155.481 076 076 076
_ 830 155.593 076 076 076
_ 831 155.705 076 076 076
_ 832 155.833 076 076 076
_ 833 155.945 076 076 076
_ 834 156.169 076 076 076
_ 835 156.410 076 076 076
_ 836 156.633 076 075 076
_ 837 156.745 076 076 076
_ 838 157.209 076 076 076
_ 839 157.321 076 076 076
_ 840 157.898 076 075 076
_ 841 158.010 076 076 076
_ 842 158.121 076 076 076
_ 843 158.361 076 076 076
_ 844 158.473 076 076 076
_ 845 158.698 076 072 076
_ 846 158.824 076 075 076
_ 847 158.938 076 076 076
_ 848 159.049 076 076 076
_ 849 159.161 076 076 076
_ 850 159.385 076 076 076
_ 851 159.625 076 076 076
_ 852 159.738 076 076 076
_ 853 160.201 076 076 076
_ 854 160.313 076 075 076
_ 855 160.425 076 076 076
_ 856 160.650 076 072 076
_ 857 160.778 076 076 076
_ 858 160.890 075 075 076
_ 859 161.001 076 076 076
_ 860 161.113 076 076 076
_ 861 161.225 076 076 076
_ 862 161.353 076 076 076
_ 863 161.689 076 076 076
_ 864 161.929 076 075 076
_ 865 162.265 076 075 076
_ 866 162.378 076 076 076
_ 867 162.617 076 076 076
_ 868 162.841 076 075 076
_ 869 162.953 076 076 076
_ 870 163.193 076 076 076
_ 871 163.418 076 076 076
_ 872 163.641 076 075 076
_ 873 163.753 076 076 076
_ 874 164.329 076 076 076
_ 875 164.457 076 076 076
_ 876 164.681 076 075 076
_ 877 164.793 076 076 076
_ 878 164.905 076 076 076
_ 879 165.257 076 076 076
_ 880 165.369 076 076 076
_ 881 165.721 076 076 076
_ 882 165.833 076 076 076
_ 883 166.057 076 076 076
_ 884 166.169 076 076 076
_ 885 166.297 076 076 076
_ 886 166.409 076 076 076
_ 887 166.521 076 076 076
_ 888 166.745 076 075 076
_ 889 166.857 076 076 076
_ 890 167.097 076 075 076
_ 891 167.209 076 076 076
_ 892 167.321 076 076 076
_ 893 167.673 076 076 076
_ 894 167.897 076 076 076
_ 895 168.137 076 076 076
_ 896 168.248 076 076 076
_ 897 168.473 076 076 076
_ 898 168.825 076 076 076
_ 899 168.937 076 076 076
_ 900 169.048 076 076 076
_ 901 169.161 076 076 076
_ 902 169.273 076 076 076
_ 903 169.400 076 072 076
_ 904 169.513 076 076 076
_ 905 169.736 076 076 076
_ 906 169.849 076 075 076
_ 907 170.089 076 076 076
_ 908 170.201 076 076 076
_ 909 170.313 076 076 076
_ 910 170.425 076 076 076
_ 911 170.665 076 076 076
_ 912 170.777 076 076 076
_ 913 171.112 076 076 076
_ 914 171.241 076 076 076
_ 915 171.352 076 076 076
_ 916 171.464 076 076 076
_ 917 171.577 076 076 076
_ 918 171.688 076 076 076
_ 919 171.928 076 076 076
_ 920 172.264 076 075 076
_ 921 172.376 076 075 076
_ 922 172.504 076 075 076
_ 923 172.616 076 076 076
_ 924 172.840 076 075 076
_ 925 172.952 076 076 076
_ 926 173.064 076 076 076
_ 927 173.192 076 076 076
_ 928 173.305 076 076 076
_ 929 173.416 076 075 076
_ 930 173.640 076 076 076
_ 931 173.768 076 076 076
_ 932 173.992 076 076 076
_ 933 174.104 076 076 076
_ 934 174.216 076 076 076
_ 935 174.680 076 076 076
_ 936 174.792 076 076 076
_ 937 174.904 076 076 076
_ 938 175.145 076 076 076
_ 939 175.256 076 075 076
_ 940 175.480 076 076 076
_ 941 175.608 076 076 076
_ 942 175.720 076 075 076
_ 943 175.832 076 076 076
_ 944 175.944 076 076 076
_ 945 176.168 076 076 076
_ 946 176.297 076 076 076
_ 947 176.520 076 076 076
_ 948 176.632 076 076 076
_ 949 176.745 076 076 076
_ 950 176.872 076 075 076
_ 951 176.984 076 075 076
_ 952 177.321 076 076 076
_ 953 177.560 076 076 076
_ 954 177.784 076 076 076
_ 955 178.008 076 076 076
_ 956 178.248 076 076 076
_ 957 178.360 076 075 076
_ 958 178.472 076 076 076
_ 959 178.584 076 076 076
_ 960 178.936 076 076 076
_ 961 179.160 076 076 076
_ 962 179.400 076 076 076
_ 963 179.848 076 076 076
_ 964 179.976 076 076 076
_ 965 180.089 076 076 076
_ 966 180.200 076 075 076
_ 967 180.424 076 076 076
_ 968 180.552 076 076 076
_ 969 180.664 076 076 076
_ 970 180.776 076 072 076
_ 971 181.000 076 076 076
_ 972 181.112 076 075 076
_ 973 181.240 076 076 076
_ 974 181.464 076 075 076
_ 975 181.576 076 075 076
_ 976 181.816 076 076 076
_ 977 181.928 076 076 076
_ 978 182.040 076 075 076
_ 979 182.264 076 076 076
_ 980 182.504 076 072 076
_ 981 182.616 076 076 076
_ 982 182.728 076 076 076
_ 983 182.840 076 075 076
_ 984 182.952 076 072 076
_ 985 183.080 076 076 076
_ 986 183.304 076 076 076
_ 987 183.416 076 076 076
_ 988 183.528 076 076 076
_ 989 183.656 076 076 076
_ 990 183.768 076 076 076
_ 991 183.992 076 076 076
_ 992 184.104 076 076 076
_ 993 184.216 076 076 076
_ 994 184.344 076 075 076
_ 995 184.456 076 072 076
_ 996 184.568 076 076 076
_ 997 184.680 076 076 076
_ 998 184.920 076 076 076
_ 999 185.256 076 076 076
_ 1000 185.368 076 076 076
_ 1001 185.480 076 076 076
_ 1002 185.720 076 076 076
_ 1003 185.944 076 075 076
_ 1004 186.056 076 075 076
_ 1005 186.184 076 075 076
_ 1006 186.296 076 072 076
_ 1007 186.408 076 076 076
_ 1008 186.632 076 076 076
_ 1009 186.760 076 076 076
_ 1010 186.872 076 075 076
_ 1011 186.984 076 076 076
_ 1012 187.208 076 075 076
_ 1013 187.448 076 076 076
_ 1014 187.672 076 072 076
_ 1015 187.896 076 075 076
_ 1016 188.248 076 076 076
_ 1017 188.472 076 076 076
_ 1018 188.584 076 076 076
_ 1019 188.824 076 075 076
_ 1020 189.048 076 075 076
_ 1021 189.288 076 076 076
_ 1022 189.400 076 072 076
_ 1023 189.624 076 076 076
_ 1024 189.736 076 076 076
_ 1025 189.864 076 076 076
_ 1026 189.976 076 076 076
_ 1027 190.088 076 076 076
_ 1028 190.200 076 076 076
_ 1029 190.424 076 076 076
_ 1030 190.552 076 075 076
_ 1031 190.664 076 076 076
_ 1032 190.776 076 076 076
_ 1033 191.128 076 075 076
_ 1034 191.240 076 076 076
_ 1035 191.352 076 075 076
_ 1036 191.576 076 076 076
_ 1037 191.816 076 076 076
_ 1038 191.928 076 076 076
_ 1039 192.040 076 076 076
_ 1040 192.152 076 076 076
_ 1041 192.392 076 076 076
_ 1042 192.504 076 076 076
_ 1043 192.616 076 076 076
_ 1044 192.728 076 075 076
_ 1045 193.192 076 076 076
_ 1046 193.304 076 072 076
_ 1047 193.417 076 076 076
_ 1048 193.528 076 075 076
_ 1049 193.768 076 076 076
_ 1050 193.880 076 076 076
_ 1051 194.104 076 075 076
_ 1052 194.344 076 076 076
_ 1053 194.568 076 076 076
_ 1054 194.680 076 076 076
_ 1055 194.807 076 076 076
_ 1056 195.496 076 076 076
_ 1057 195.608 076 075 076
_ 1058 195.720 076 076 076
_ 1059 196.184 076 076 076
_ 1060 196.408 076 076 076
_ 1061 196.760 076 076 076
_ 1062 196.872 076 075 076
_ 1063 196.984 076 076 076
_ 1064 197.096 076 076 076
_ 1065 197.208 076 075 076
_ 1066 197.448 076 076 076
_ 1067 197.560 076 076 076
_ 1068 197.784 076 076 076
_ 1069 198.136 076 076 076
_ 1070 198.360 076 076 076
_ 1071 198.600 076 076 076
_ 1072 198.712 076 076 076
_ 1073 198.936 076 076 076
_ 1074 199.047 076 076 076
_ 1075 199.400 076 076 076
_ 1076 199.623 076 076 076
_ 1077 199.736 076 076 076
_ 1078 199.864 076 076 076
_ 1079 199.975 076 076 076
_ 1080 200.087 076 076 076
_ 1081 200.311 076 076 076
_ 1082 200.439 076 076 076
_ 1083 200.663 076 076 076
_ 1084 200.776 076 076 076
_ 1085 201.015 076 076 076
_ 1086 201.128 076 076 076
_ 1087 201.352 076 076 076
_ 1088 201.576 076 076 076
_ 1089 201.816 076 076 076
_ 1090 201.928 076 075 076
_ 1091 202.039 076 076 076
_ 1092 202.279 076 076 076
_ 1093 202.391 076 076 076
_ 1094 202.504 076 076 076
_ 1095 202.616 076 076 076
_ 1096 202.727 076 076 076
_ 1097 202.840 076 076 076
_ 1098 202.968 076 076 076
_ 1099 203.303 076 076 076
_ 1100 203.415 076 075 076
_ 1101 203.655 076 076 076
_ 1102 203.879 076 076 076
_ 1103 204.455 076 076 076
_ 1104 204.568 076 076 076
_ 1105 204.680 076 075 076
_ 1106 204.808 076 076 076
_ 1107 204.919 076 076 076
_ 1108 205.031 076 076 076
_ 1109 205.383 076 075 076
_ 1110 205.495 076 076 076
_ 1111 205.608 076 076 076
_ 1112 205.719 076 076 076
_ 1113 205.943 076 075 076
_ 1114 206.071 076 072 076
_ 1115 206.183 076 076 076
_ 1116 206.407 076 076 076
_ 1117 206.519 076 076 076
_ 1118 206.759 076 076 076
_ 1119 207.223 076 076 076
_ 1120 207.448 076 076 076
_ 1121 207.559 076 075 076
_ 1122 207.671 076 076 076
_ 1123 208.023 076 076 076
_ 1124 208.135 076 076 076
_ 1125 208.359 076 075 076
_ 1126 208.488 076 076 076
_ 1127 208.600 076 075 076
_ 1128 208.711 076 075 076
_ 1129 209.047 076 076 076
_ 1130 209.399 076 076 076
_ 1131 209.512 076 076 076
_ 1132 209.623 076 076 076
_ 1133 209.751 076 076 076
_ 1134 209.863 076 076 076
_ 1135 210.088 076 075 076
_ 1136 210.199 076 076 076
_ 1137 210.440 076 076 076
_ 1138 210.551 076 076 076
_ 1139 210.663 076 076 076
_ 1140 210.775 076 076 076
_ 1141 210.888 076 076 076
_ 1142 211.128 076 076 076
_ 1143 211.239 076 075 076
_ 1144 211.351 076 076 076
_ 1145 211.463 076 076 076
_ 1146 211.591 076 076 076
_ 1147 211.704 076 075 076
_ 1148 211.928 076 076 076
_ 1149 212.039 076 076 076
_ 1150 212.167 06f 075 076
_ 1151 212.391 076 075 076
_ 1152 212.616 076 076 076
_ 1153 212.727 076 076 076
_ 1154 212.855 076 075 076
_ 1155 213.080 076 072 076
_ 1156 213.191 076 076 076
_ 1157 213.303 076 076 076
_ 1158 213.544 076 075 076
_ 1159 213.880 076 076 076
_ 1160 214.119 076 076 076
_ 1161 214.231 076 076 076
_ 1162 214.343 076 076 076
_ 1163 214.455 076 076 076
_ 1164 214.567 076 076 076
_ 1165 214.695 076 076 076
_ 1166 214.807 076 076 076
_ 1167 214.920 076 076 076
_ 1168 215.032 076 076 076
_ 1169 215.271 076 076 076
_ 1170 215.383 076 076 076
_ 1171 215.607 076 076 076
_ 1172 215.719 076 075 076
_ 1173 215.959 076 072 076
_ 1174 216.072 076 076 076
_ 1175 216.183 076 076 076
_ 1176 216.295 076 076 076
_ 1177 216.407 076 076 076
_ 1178 216.647 076 075 076
_ 1179 217.095 076 072 076
_ 1180 217.223 076 076 076
_ 1181 217.335 076 072 076
_ 1182 217.447 076 076 076
_ 1183 217.559 076 072 076
_ 1184 217.911 076 076 076
_ 1185 218.023 076 076 076
_ 1186 218.135 076 076 076
_ 1187 218.247 076 076 076
_ 1188 218.375 076 075 076
_ 1189 218.711 076 076 076
_ 1190 218.823 076 076 076
_ 1191 219.175 076 076 076
_ 1192 219.287 076 076 076
_ 1193 219.399 076 076 076
_ 1194 219.511 076 076 076
_ 1195 219.639 06f 075 076
_ 1196 219.751 076 076 076
_ 1197 219.863 076 076 076
_ 1198 220.199 076 076 076
_ 1199 220.327 06f 075 076
_ 1200 220.439 076 075 076
_ 1201 220.903 076 072 076
_ 1202 221.015 076 076 076
_ 1203 221.239 076 076 076
_ 1204 221.351 076 075 076
_ 1205 221.591 076 075 076
_ 1206 221.815 076 076 076
_ 1207 221.927 076 076 076
_ 1208 222.167 076 076 076
_ 1209 222.279 076 075 076
_ 1210 222.391 076 075 076
_ 1211 222.503 076 076 076
_ 1212 222.743 076 076 076
_ 1213 222.855 076 076 076
_ 1214 223.079 076 076 076
_ 1215 223.191 076 076 076
_ 1216 223.543 076 076 076
_ 1217 224.007 076 076 076
_ 1218 224.231 076 076 076
_ 1219 224.343 076 076 076
_ 1220 224.455 076 075 076
_ 1221 224.583 076 076 076
_ 1222 224.695 076 075 076
_ 1223 224.807 076 076 076
_ 1224 224.919 076 076 076
_ 1225 225.143 076 076 076
_ 1226 225.271 075 075 076
_ 1227 225.607 076 075 076
_ 1228 225.719 076 076 076
_ 1229 225.959 076 076 076
_ 1230 226.295 076 075 076
_ 1231 226.422 076 076 076
_ 1232 226.759 076 076 076
_ 1233 226.871 076 076 076
_ 1234 226.982 076 076 076
_ 1235 227.110 076 076 076
_ 1236 227.334 076 075 076
_ 1237 227.447 076 075 076
_ 1238 227.559 076 075 076
_ 1239 227.798 076 075 076
_ 1240 227.911 076 076 076
_ 1241 228.135 076 076 076
_ 1242 228.374 076 076 076
_ 1243 228.487 076 076 076
_ 1244 228.711 076 076 076
_ 1245 228.950 076 076 076
_ 1246 229.287 076 076 076
_ 1247 229.398 076 076 076
_ 1248 229.526 076 075 076
_ 1249 229.638 076 076 076
_ 1250 229.974 076 076 076
_ 1251 230.086 076 076 076
_ 1252 230.327 076 076 076
_ 1253 230.438 076 075 076
_ 1254 230.550 076 076 076
_ 1255 230.662 076 075 076
_ 1256 230.790 076 076 076
_ 1257 231.014 076 076 076
_ 1258 231.351 076 075 076
_ 1259 231.478 075 075 076
_ 1260 231.590 076 076 076
_ 1261 231.815 076 075 076
_ 1262 232.054 076 075 076
_ 1263 232.390 076 076 076
_ 1264 232.742 076 075 076
_ 1265 232.854 076 076 076
_ 1266 232.966 076 075 076
_ 1267 233.078 076 076 076
_ 1268 233.318 076 076 076
_ 1269 233.430 076 076 076
_ 1270 233.767 076 076 076
_ 1271 234.119 076 075 076
_ 1272 234.230 076 076 076
_ 1273 234.454 076 075 076
_ 1274 234.694 076 072 076
_ 1275 234.806 076 075 076
_ 1276 234.918 076 075 076
_ 1277 235.030 076 075 076
_ 1278 235.158 076 075 076
_ 1279 235.607 076 076 076
_ 1280 235.846 076 075 076
_ 1281 236.294 076 076 076
_ 1282 236.422 076 075 076
_ 1283 236.534 076 076 076
_ 1284 236.646 076 075 076
_ 1285 236.758 076 075 076
_ 1286 236.870 076 072 076
_ 1287 237.110 076 076 076
_ 1288 237.334 076 076 076
_ 1289 237.446 076 075 076
_ 1290 237.574 076 076 076
_ 1291 237.798 076 075 076
_ 1292 237.910 076 076 076
_ 1293 238.134 076 076 076
_ 1294 238.374 076 076 076
_ 1295 238.486 076 076 076
_ 1296 238.838 076 075 076
_ 1297 238.950 076 076 076
_ 1298 239.398 076 076 076
_ 1299 239.526 076 075 076
_ 1300 239.638 076 076 076
_ 1301 239.974 076 076 076
_ 1302 240.326 076 075 076
_ 1303 240.438 076 076 076
_ 1304 240.550 076 075 076
_ 1305 240.678 076 076 076
_ 1306 240.790 076 076 076
_ 1307 241.014 076 076 076
_ 1308 241.126 076 076 076
_ 1309 241.590 076 075 076
_ 1310 241.702 076 076 076
_ 1311 241.942 076 076 076
_ 1312 242.166 076 076 076
_ 1313 242.278 076 076 076
_ 1314 242.390 076 075 076
_ 1315 242.503 076 076 076
_ 1316 242.630 076 076 076
_ 1317 242.742 076 075 076
_ 1318 242.854 076 076 076
_ 1319 243.078 076 076 076
_ 1320 243.318 076 076 076
_ 1321 243.430 076 075 076
_ 1322 243.542 076 076 076
_ 1323 243.654 076 076 076
_ 1324 243.782 076 076 076
_ 1325 244.230 076 076 076
_ 1326 244.342 076 075 076
_ 1327 244.582 076 076 076
_ 1328 244.694 076 076 076
_ 1329 244.918 076 076 076
_ 1330 245.046 076 076 076
_ 1331 245.270 076 076 076
_ 1332 245.494 076 076 076
_ 1333 245.606 076 076 076
_ 1334 245.846 076 074 076
_ 1335 245.958 076 076 076
_ 1336 246.182 076 076 076
_ 1337 246.310 076 076 076
_ 1338 246.422 076 076 076
_ 1339 246.758 076 076 076
_ 1340 246.886 076 075 076
_ 1341 246.998 076 076 076
_ 1342 247.110 076 075 076
_ 1343 247.222 076 076 076
_ 1344 247.334 076 076 076
_ 1345 247.446 076 076 076
_ 1346 247.574 076 076 076
_ 1347 247.686 076 076 076
_ 1348 247.798 076 076 076
_ 1349 247.910 076 075 076
_ 1350 248.022 076 076 076
_ 1351 248.150 076 076 076
_ 1352 248.262 076 075 076
_ 1353 248.374 076 075 076
_ 1354 248.598 076 076 076
_ 1355 248.950 076 076 076
_ 1356 249.174 076 076 076
_ 1357 249.287 076 072 076
_ 1358 249.414 076 076 076
_ 1359 249.526 076 076 076
_ 1360 249.638 076 076 076
_ 1361 249.862 076 076 076
_ 1362 249.990 076 075 076
_ 1363 250.102 076 075 076
_ 1364 250.214 076 075 076
_ 1365 250.326 076 076 076
_ 1366 250.438 076 076 076
_ 1367 250.550 076 072 076
_ 1368 250.678 076 076 076
_ 1369 250.790 076 076 076
_ 1370 250.902 076 076 076
_ 1371 251.126 076 075 076
